<?xml version="1.0" encoding="utf-8"?>
<COLLADA xmlns="http://www.collada.org/2005/11/COLLADASchema" version="1.4.1">
  <asset>
    <contributor>
      <author>Mixamo</author>
      <authoring_tool>COLLADA Mixamo exporter</authoring_tool>
      <comments/>
    </contributor>
    <created>2024-06-04T21:07:49Z</created>
    <modified>2024-06-04T21:07:49Z</modified>
    <revision/>
    <title/>
    <unit meter="0.010000"/>
    <up_axis>Y_UP</up_axis>
  </asset>
  <library_animations>
    <animation id="mixamorig_Hips-anim" name="mixamorig_Hips">
      <source id="mixamorig_Hips-Matrix-animation-input">
        <float_array id="mixamorig_Hips-Matrix-animation-input-array" count="64">

0.000000 0.033333 0.066667 0.100000 0.133333 0.166667 0.200000 0.233333 0.266667 0.300000 0.333333 0.366667 0.400000 0.433333 0.466667 0.500000
0.533333 0.566667 0.600000 0.633333 0.666667 0.700000 0.733333 0.766667 0.800000 0.833333 0.866667 0.900000 0.933333 0.966667 1.000000 1.033333
1.066667 1.100000 1.133333 1.166667 1.200000 1.233333 1.266667 1.300000 1.333333 1.366667 1.400000 1.433333 1.466667 1.500000 1.533333 1.566667
1.600000 1.633333 1.666667 1.700000 1.733333 1.766667 1.800000 1.833333 1.866667 1.900000 1.933333 1.966667 2.000000 2.033333 2.066667 2.100000</float_array>
        <technique_common>
          <accessor source="#mixamorig_Hips-Matrix-animation-input-array" count="64">
            <param name="TIME" type="float"/>
          </accessor>
        </technique_common>
      </source>
      <source id="mixamorig_Hips-Matrix-animation-output-transform">
        <float_array id="mixamorig_Hips-Matrix-animation-output-transform-array" count="1024">

0.575197 0.068433 -0.815148 -1.150188 0.035970 0.993415 0.108781 98.185974 0.817224 -0.091892 0.568947 0.524273 0.000000 0.000000 0.000000 1.000000
0.575234 0.068949 -0.815078 -1.148303 0.035975 0.993345 0.109418 98.176025 0.817197 -0.092263 0.568925 0.522983 0.000000 0.000000 0.000000 1.000000
0.575268 0.069502 -0.815007 -1.145065 0.035977 0.993269 0.110098 98.162590 0.817173 -0.092657 0.568896 0.520681 0.000000 0.000000 0.000000 1.000000
0.575282 0.070099 -0.814946 -1.140308 0.035975 0.993189 0.110826 98.147934 0.817163 -0.093073 0.568842 0.517225 0.000000 0.000000 0.000000 1.000000
0.575274 0.070738 -0.814896 -1.134129 0.035968 0.993102 0.111599 98.131737 0.817169 -0.093511 0.568762 0.512679 0.000000 0.000000 0.000000 1.000000
0.575257 0.071412 -0.814850 -1.126677 0.035961 0.993011 0.112413 98.115242 0.817182 -0.093969 0.568668 0.507120 0.000000 0.000000 0.000000 1.000000
0.575242 0.072116 -0.814798 -1.117988 0.035953 0.992914 0.113263 98.097862 0.817193 -0.094448 0.568573 0.500544 0.000000 0.000000 0.000000 1.000000
0.575232 0.072847 -0.814740 -1.108142 0.035945 0.992813 0.114147 98.079605 0.817200 -0.094947 0.568480 0.493017 0.000000 0.000000 0.000000 1.000000
0.575224 0.073603 -0.814678 -1.097245 0.035938 0.992708 0.115063 98.060570 0.817206 -0.095465 0.568384 0.484638 0.000000 0.000000 0.000000 1.000000
0.575216 0.074382 -0.814612 -1.085356 0.035930 0.992598 0.116005 98.040512 0.817212 -0.095998 0.568286 0.475544 0.000000 0.000000 0.000000 1.000000
0.575210 0.075181 -0.814544 -1.072572 0.035923 0.992485 0.116973 98.020691 0.817217 -0.096545 0.568186 0.465725 0.000000 0.000000 0.000000 1.000000
0.575205 0.075998 -0.814472 -1.058961 0.035915 0.992369 0.117961 97.999725 0.817221 -0.097104 0.568086 0.455310 0.000000 0.000000 0.000000 1.000000
0.575201 0.076829 -0.814396 -1.044608 0.035906 0.992249 0.118968 97.977798 0.817224 -0.097672 0.567984 0.444321 0.000000 0.000000 0.000000 1.000000
0.575199 0.077671 -0.814318 -1.029606 0.035898 0.992126 0.119987 97.956215 0.817226 -0.098249 0.567882 0.432742 0.000000 0.000000 0.000000 1.000000
0.575198 0.078521 -0.814237 -1.013997 0.035890 0.992001 0.121018 97.933609 0.817227 -0.098832 0.567779 0.420686 0.000000 0.000000 0.000000 1.000000
0.575198 0.079381 -0.814154 -0.997800 0.035882 0.991874 0.122060 97.911087 0.817227 -0.099422 0.567675 0.408123 0.000000 0.000000 0.000000 1.000000
0.575198 0.080250 -0.814068 -0.981087 0.035873 0.991744 0.123112 97.888184 0.817227 -0.100017 0.567571 0.395185 0.000000 0.000000 0.000000 1.000000
0.575200 0.081113 -0.813982 -0.964138 0.035864 0.991614 0.124158 97.864754 0.817226 -0.100609 0.567467 0.382105 0.000000 0.000000 0.000000 1.000000
0.575202 0.081957 -0.813895 -0.947301 0.035857 0.991486 0.125182 97.842018 0.817225 -0.101189 0.567366 0.369052 0.000000 0.000000 0.000000 1.000000
0.575206 0.082810 -0.813807 -0.929978 0.035849 0.991355 0.126214 97.818924 0.817223 -0.101773 0.567264 0.355695 0.000000 0.000000 0.000000 1.000000
0.575210 0.083745 -0.813708 -0.910669 0.035839 0.991210 0.127347 97.793137 0.817221 -0.102414 0.567152 0.340728 0.000000 0.000000 0.000000 1.000000
0.575216 0.084804 -0.813594 -0.888409 0.035829 0.991045 0.128631 97.764168 0.817217 -0.103141 0.567026 0.323462 0.000000 0.000000 0.000000 1.000000
0.575223 0.085930 -0.813471 -0.864432 0.035817 0.990867 0.129996 97.732399 0.817212 -0.103912 0.566892 0.304888 0.000000 0.000000 0.000000 1.000000
0.575231 0.087035 -0.813347 -0.840511 0.035806 0.990691 0.131335 97.701569 0.817207 -0.104671 0.566760 0.286345 0.000000 0.000000 0.000000 1.000000
0.575239 0.088086 -0.813229 -0.817423 0.035795 0.990522 0.132609 97.672058 0.817202 -0.105391 0.566634 0.268464 0.000000 0.000000 0.000000 1.000000
0.575244 0.089088 -0.813116 -0.795143 0.035784 0.990359 0.133822 97.642593 0.817199 -0.106077 0.566511 0.251189 0.000000 0.000000 0.000000 1.000000
0.575251 0.090043 -0.813006 -0.773672 0.035773 0.990202 0.134979 97.615425 0.817194 -0.106731 0.566394 0.234497 0.000000 0.000000 0.000000 1.000000
0.575264 0.090942 -0.812896 -0.753225 0.035765 0.990053 0.136071 97.589317 0.817185 -0.107351 0.566290 0.218574 0.000000 0.000000 0.000000 1.000000
0.575283 0.091776 -0.812789 -0.734049 0.035758 0.989914 0.137085 97.564835 0.817172 -0.107926 0.566199 0.203682 0.000000 0.000000 0.000000 1.000000
0.575304 0.092538 -0.812688 -0.716297 0.035751 0.989785 0.138011 97.542320 0.817158 -0.108453 0.566119 0.189902 0.000000 0.000000 0.000000 1.000000
0.575321 0.093223 -0.812598 -0.700251 0.035744 0.989669 0.138844 97.521927 0.817146 -0.108926 0.566045 0.177431 0.000000 0.000000 0.000000 1.000000
0.575336 0.093824 -0.812518 -0.686057 0.035739 0.989566 0.139575 97.504166 0.817136 -0.109341 0.565980 0.166427 0.000000 0.000000 0.000000 1.000000
0.575348 0.094336 -0.812450 -0.673894 0.035735 0.989478 0.140198 97.488472 0.817128 -0.109696 0.565923 0.157007 0.000000 0.000000 0.000000 1.000000
0.575358 0.094751 -0.812395 -0.663947 0.035732 0.989407 0.140702 97.476265 0.817121 -0.109983 0.565878 0.149278 0.000000 0.000000 0.000000 1.000000
0.575366 0.095060 -0.812353 -0.656452 0.035726 0.989354 0.141076 97.466919 0.817116 -0.110193 0.565844 0.143451 0.000000 0.000000 0.000000 1.000000
0.575370 0.095255 -0.812327 -0.651640 0.035720 0.989321 0.141310 97.461166 0.817113 -0.110322 0.565823 0.139702 0.000000 0.000000 0.000000 1.000000
0.575372 0.095331 -0.812317 -0.649663 0.035718 0.989308 0.141401 97.458832 0.817112 -0.110373 0.565815 0.138185 0.000000 0.000000 0.000000 1.000000
0.575370 0.095277 -0.812325 -0.650640 0.035722 0.989317 0.141339 97.460632 0.817112 -0.110340 0.565820 0.138908 0.000000 0.000000 0.000000 1.000000
0.575364 0.095077 -0.812352 -0.654560 0.035728 0.989351 0.141098 97.466400 0.817117 -0.110206 0.565840 0.141874 0.000000 0.000000 0.000000 1.000000
0.575353 0.094722 -0.812402 -0.661266 0.035732 0.989412 0.140667 97.477478 0.817124 -0.109962 0.565877 0.147001 0.000000 0.000000 0.000000 1.000000
0.575339 0.094223 -0.812470 -0.670551 0.035735 0.989498 0.140059 97.492241 0.817134 -0.109615 0.565929 0.154165 0.000000 0.000000 0.000000 1.000000
0.575327 0.093592 -0.812551 -0.682298 0.035740 0.989606 0.139292 97.510796 0.817142 -0.109179 0.566002 0.163268 0.000000 0.000000 0.000000 1.000000
0.575323 0.092844 -0.812640 -0.696241 0.035749 0.989733 0.138386 97.533493 0.817144 -0.108668 0.566097 0.174051 0.000000 0.000000 0.000000 1.000000
0.575324 0.092001 -0.812735 -0.711946 0.035759 0.989875 0.137367 97.557953 0.817143 -0.108093 0.566209 0.186182 0.000000 0.000000 0.000000 1.000000
0.575326 0.091073 -0.812838 -0.729206 0.035770 0.990029 0.136244 97.585678 0.817142 -0.107460 0.566332 0.199423 0.000000 0.000000 0.000000 1.000000
0.575327 0.090021 -0.812955 -0.748728 0.035783 0.990203 0.134972 97.616241 0.817141 -0.106742 0.566469 0.214383 0.000000 0.000000 0.000000 1.000000
0.575328 0.088783 -0.813090 -0.771681 0.035797 0.990406 0.133473 97.651794 0.817139 -0.105897 0.566630 0.232015 0.000000 0.000000 0.000000 1.000000
0.575329 0.087358 -0.813243 -0.798105 0.035813 0.990636 0.131749 97.692062 0.817137 -0.104924 0.566813 0.252347 0.000000 0.000000 0.000000 1.000000
0.575331 0.085821 -0.813406 -0.826655 0.035831 0.990881 0.129890 97.735878 0.817135 -0.103875 0.567010 0.274343 0.000000 0.000000 0.000000 1.000000
0.575332 0.084241 -0.813570 -0.856055 0.035847 0.991129 0.127977 97.779373 0.817134 -0.102794 0.567209 0.297061 0.000000 0.000000 0.000000 1.000000
0.575334 0.082642 -0.813733 -0.885800 0.035865 0.991377 0.126040 97.823830 0.817132 -0.101699 0.567409 0.319968 0.000000 0.000000 0.000000 1.000000
0.575336 0.081032 -0.813893 -0.915687 0.035881 0.991622 0.124091 97.866966 0.817130 -0.100598 0.567608 0.342969 0.000000 0.000000 0.000000 1.000000
0.575338 0.079430 -0.814050 -0.945413 0.035898 0.991862 0.122151 97.909706 0.817128 -0.099500 0.567804 0.365885 0.000000 0.000000 0.000000 1.000000
0.575339 0.077859 -0.814201 -0.974613 0.035913 0.992094 0.120247 97.951439 0.817127 -0.098423 0.567994 0.388421 0.000000 0.000000 0.000000 1.000000
0.575339 0.076340 -0.814345 -1.002854 0.035927 0.992315 0.118406 97.990730 0.817126 -0.097381 0.568175 0.410267 0.000000 0.000000 0.000000 1.000000
0.575341 0.074894 -0.814478 -1.029732 0.035940 0.992522 0.116654 98.028236 0.817124 -0.096388 0.568347 0.431050 0.000000 0.000000 0.000000 1.000000
0.575345 0.073541 -0.814598 -1.054853 0.035953 0.992713 0.115014 98.061859 0.817120 -0.095460 0.568509 0.450449 0.000000 0.000000 0.000000 1.000000
0.575344 0.072303 -0.814709 -1.077832 0.035964 0.992885 0.113513 98.093056 0.817120 -0.094609 0.568651 0.468192 0.000000 0.000000 0.000000 1.000000
0.575323 0.071204 -0.814821 -1.098351 0.035970 0.993037 0.112175 98.120461 0.817135 -0.093846 0.568756 0.484064 0.000000 0.000000 0.000000 1.000000
0.575276 0.070258 -0.814936 -1.116078 0.035970 0.993167 0.111016 98.144363 0.817168 -0.093178 0.568819 0.497813 0.000000 0.000000 0.000000 1.000000
0.575221 0.069485 -0.815042 -1.130592 0.035967 0.993274 0.110064 98.163078 0.817207 -0.092626 0.568852 0.509089 0.000000 0.000000 0.000000 1.000000
0.575177 0.068921 -0.815120 -1.141181 0.035966 0.993350 0.109369 98.177071 0.817238 -0.092223 0.568874 0.517298 0.000000 0.000000 0.000000 1.000000
0.575158 0.068598 -0.815161 -1.147501 0.035965 0.993394 0.108972 98.185204 0.817251 -0.091994 0.568892 0.522219 0.000000 0.000000 0.000000 1.000000
0.575197 0.068433 -0.815148 -1.150194 0.035971 0.993415 0.108781 98.185883 0.817224 -0.091892 0.568947 0.524283 0.000000 0.000000 0.000000 1.000000</float_array>
        <technique_common>
          <accessor source="#mixamorig_Hips-Matrix-animation-output-transform-array" count="64" stride="16">
            <param type="float4x4"/>
          </accessor>
        </technique_common>
      </source>
      <source id="mixamorig_Hips-Interpolations">
        <Name_array id="mixamorig_Hips-Interpolations-array" count="64">
 LINEAR LINEAR LINEAR LINEAR LINEAR LINEAR LINEAR LINEAR LINEAR LINEAR LINEAR
LINEAR LINEAR LINEAR LINEAR LINEAR LINEAR LINEAR LINEAR LINEAR LINEAR LINEAR LINEAR
LINEAR LINEAR LINEAR LINEAR LINEAR LINEAR LINEAR LINEAR LINEAR LINEAR LINEAR LINEAR
LINEAR LINEAR LINEAR LINEAR LINEAR LINEAR LINEAR LINEAR LINEAR LINEAR LINEAR LINEAR
LINEAR LINEAR LINEAR LINEAR LINEAR LINEAR LINEAR LINEAR LINEAR LINEAR LINEAR LINEAR
LINEAR LINEAR LINEAR LINEAR LINEAR</Name_array>
        <technique_common>
          <accessor source="#mixamorig_Hips-Interpolations-array" count="64">
            <param type="name"/>
          </accessor>
        </technique_common>
      </source>
      <sampler id="mixamorig_Hips-Matrix-animation-transform">
        <input semantic="INPUT" source="#mixamorig_Hips-Matrix-animation-input"/>
        <input semantic="OUTPUT" source="#mixamorig_Hips-Matrix-animation-output-transform"/>
        <input semantic="INTERPOLATION" source="#mixamorig_Hips-Interpolations"/>
      </sampler>
      <channel source="#mixamorig_Hips-Matrix-animation-transform" target="mixamorig_Hips/matrix"/>
    </animation>
    <animation id="mixamorig_Spine-anim" name="mixamorig_Spine">
      <source id="mixamorig_Spine-Matrix-animation-input">
        <float_array id="mixamorig_Spine-Matrix-animation-input-array" count="64">

0.000000 0.033333 0.066667 0.100000 0.133333 0.166667 0.200000 0.233333 0.266667 0.300000 0.333333 0.366667 0.400000 0.433333 0.466667 0.500000
0.533333 0.566667 0.600000 0.633333 0.666667 0.700000 0.733333 0.766667 0.800000 0.833333 0.866667 0.900000 0.933333 0.966667 1.000000 1.033333
1.066667 1.100000 1.133333 1.166667 1.200000 1.233333 1.266667 1.300000 1.333333 1.366667 1.400000 1.433333 1.466667 1.500000 1.533333 1.566667
1.600000 1.633333 1.666667 1.700000 1.733333 1.766667 1.800000 1.833333 1.866667 1.900000 1.933333 1.966667 2.000000 2.033333 2.066667 2.100000</float_array>
        <technique_common>
          <accessor source="#mixamorig_Spine-Matrix-animation-input-array" count="64">
            <param name="TIME" type="float"/>
          </accessor>
        </technique_common>
      </source>
      <source id="mixamorig_Spine-Matrix-animation-output-transform">
        <float_array id="mixamorig_Spine-Matrix-animation-output-transform-array" count="1024">

0.999939 -0.007544 0.008123 0.004700 0.007776 0.999552 -0.028902 5.245300 -0.007901 0.028963 0.999549 0.258800 0.000000 0.000000 0.000000 1.000000
0.999938 -0.007586 0.008093 0.004700 0.007819 0.999546 -0.029103 5.245300 -0.007869 0.029165 0.999544 0.258800 0.000000 0.000000 0.000000 1.000000
0.999939 -0.007628 0.008048 0.004700 0.007862 0.999537 -0.029409 5.245300 -0.007820 0.029471 0.999535 0.258800 0.000000 0.000000 0.000000 1.000000
0.999939 -0.007678 0.008001 0.004700 0.007913 0.999524 -0.029818 5.245300 -0.007768 0.029880 0.999523 0.258800 0.000000 0.000000 0.000000 1.000000
0.999939 -0.007728 0.007937 0.004700 0.007965 0.999508 -0.030344 5.245300 -0.007698 0.030405 0.999508 0.258800 0.000000 0.000000 0.000000 1.000000
0.999939 -0.007777 0.007868 0.004700 0.008017 0.999490 -0.030895 5.245300 -0.007623 0.030956 0.999492 0.258800 0.000000 0.000000 0.000000 1.000000
0.999939 -0.007823 0.007800 0.004700 0.008065 0.999470 -0.031541 5.245300 -0.007549 0.031602 0.999472 0.258800 0.000000 0.000000 0.000000 1.000000
0.999939 -0.007863 0.007732 0.004700 0.008109 0.999445 -0.032301 5.245300 -0.007474 0.032362 0.999448 0.258800 0.000000 0.000000 0.000000 1.000000
0.999939 -0.007905 0.007669 0.004700 0.008156 0.999417 -0.033153 5.245300 -0.007403 0.033214 0.999421 0.258800 0.000000 0.000000 0.000000 1.000000
0.999939 -0.007954 0.007720 0.004700 0.008212 0.999388 -0.033996 5.245300 -0.007445 0.034057 0.999392 0.258800 0.000000 0.000000 0.000000 1.000000
0.999938 -0.008002 0.007801 0.004700 0.008270 0.999355 -0.034956 5.245300 -0.007516 0.035018 0.999358 0.258800 0.000000 0.000000 0.000000 1.000000
0.999937 -0.008049 0.007884 0.004700 0.008327 0.999320 -0.035919 5.245300 -0.007589 0.035983 0.999324 0.258800 0.000000 0.000000 0.000000 1.000000
0.999936 -0.008080 0.007980 0.004700 0.008370 0.999281 -0.036975 5.245300 -0.007676 0.037039 0.999284 0.258800 0.000000 0.000000 0.000000 1.000000
0.999935 -0.007981 0.008096 0.004700 0.008284 0.999240 -0.038086 5.245300 -0.007786 0.038151 0.999242 0.258800 0.000000 0.000000 0.000000 1.000000
0.999935 -0.007874 0.008232 0.004700 0.008191 0.999198 -0.039185 5.245300 -0.007917 0.039250 0.999198 0.258800 0.000000 0.000000 0.000000 1.000000
0.999935 -0.007757 0.008395 0.004700 0.008089 0.999154 -0.040334 5.245300 -0.008075 0.040399 0.999151 0.258800 0.000000 0.000000 0.000000 1.000000
0.999934 -0.007634 0.008558 0.004700 0.007983 0.999104 -0.041564 5.245300 -0.008233 0.041630 0.999099 0.258800 0.000000 0.000000 0.000000 1.000000
0.999934 -0.007506 0.008729 0.004700 0.007873 0.999053 -0.042784 5.245300 -0.008399 0.042850 0.999046 0.258800 0.000000 0.000000 0.000000 1.000000
0.999933 -0.007373 0.008908 0.004700 0.007758 0.999002 -0.043987 5.245300 -0.008575 0.044053 0.998992 0.258800 0.000000 0.000000 0.000000 1.000000
0.999933 -0.007235 0.009088 0.004700 0.007639 0.998947 -0.045240 5.245300 -0.008751 0.045306 0.998935 0.258800 0.000000 0.000000 0.000000 1.000000
0.999932 -0.007072 0.009318 0.004700 0.007499 0.998884 -0.046641 5.245300 -0.008977 0.046707 0.998868 0.258800 0.000000 0.000000 0.000000 1.000000
0.999930 -0.006876 0.009618 0.004700 0.007333 0.998806 -0.048292 5.245300 -0.009275 0.048359 0.998787 0.258800 0.000000 0.000000 0.000000 1.000000
0.999928 -0.006663 0.009944 0.004700 0.007153 0.998722 -0.050024 5.245300 -0.009598 0.050091 0.998699 0.258800 0.000000 0.000000 0.000000 1.000000
0.999926 -0.006441 0.010304 0.004700 0.006967 0.998633 -0.051803 5.245300 -0.009956 0.051871 0.998604 0.258800 0.000000 0.000000 0.000000 1.000000
0.999924 -0.006218 0.010659 0.004700 0.006779 0.998546 -0.053476 5.245300 -0.010311 0.053545 0.998512 0.258800 0.000000 0.000000 0.000000 1.000000
0.999921 -0.005992 0.011045 0.004700 0.006593 0.998455 -0.055172 5.245300 -0.010698 0.055240 0.998416 0.258800 0.000000 0.000000 0.000000 1.000000
0.999918 -0.005762 0.011450 0.004700 0.006404 0.998364 -0.056826 5.245300 -0.011104 0.056895 0.998318 0.258800 0.000000 0.000000 0.000000 1.000000
0.999915 -0.005539 0.011834 0.004700 0.006221 0.998275 -0.058386 5.245300 -0.011490 0.058454 0.998224 0.258800 0.000000 0.000000 0.000000 1.000000
0.999911 -0.005323 0.012229 0.004700 0.006046 0.998188 -0.059876 5.245300 -0.011888 0.059944 0.998131 0.258800 0.000000 0.000000 0.000000 1.000000
0.999907 -0.005111 0.012630 0.004700 0.005875 0.998104 -0.061267 5.245300 -0.012293 0.061336 0.998041 0.258800 0.000000 0.000000 0.000000 1.000000
0.999903 -0.004905 0.013017 0.004700 0.005710 0.998026 -0.062549 5.245300 -0.012684 0.062617 0.997957 0.258800 0.000000 0.000000 0.000000 1.000000
0.999899 -0.004716 0.013375 0.004700 0.005559 0.997953 -0.063706 5.245300 -0.013048 0.063774 0.997879 0.258800 0.000000 0.000000 0.000000 1.000000
0.999895 -0.004556 0.013736 0.004700 0.005437 0.997888 -0.064728 5.245300 -0.013412 0.064796 0.997808 0.258800 0.000000 0.000000 0.000000 1.000000
0.999891 -0.004421 0.014076 0.004700 0.005335 0.997830 -0.065628 5.245300 -0.013756 0.065696 0.997745 0.258800 0.000000 0.000000 0.000000 1.000000
0.999887 -0.004305 0.014389 0.004700 0.005251 0.997782 -0.066363 5.245300 -0.014072 0.066431 0.997692 0.258800 0.000000 0.000000 0.000000 1.000000
0.999884 -0.004200 0.014665 0.004700 0.005172 0.997744 -0.066927 5.245300 -0.014351 0.066995 0.997650 0.258800 0.000000 0.000000 0.000000 1.000000
0.999881 -0.004107 0.014877 0.004700 0.005099 0.997721 -0.067282 5.245300 -0.014567 0.067350 0.997623 0.258800 0.000000 0.000000 0.000000 1.000000
0.999878 -0.004029 0.015068 0.004700 0.005036 0.997711 -0.067432 5.245300 -0.014762 0.067500 0.997610 0.258800 0.000000 0.000000 0.000000 1.000000
0.999877 -0.003965 0.015200 0.004700 0.004980 0.997717 -0.067346 5.245300 -0.014898 0.067413 0.997614 0.258800 0.000000 0.000000 0.000000 1.000000
0.999875 -0.003918 0.015317 0.004700 0.004937 0.997740 -0.067018 5.245300 -0.015020 0.067085 0.997634 0.258800 0.000000 0.000000 0.000000 1.000000
0.999874 -0.003908 0.015410 0.004700 0.004925 0.997776 -0.066475 5.245300 -0.015116 0.066542 0.997669 0.258800 0.000000 0.000000 0.000000 1.000000
0.999873 -0.003943 0.015445 0.004700 0.004950 0.997824 -0.065749 5.245300 -0.015152 0.065817 0.997717 0.258800 0.000000 0.000000 0.000000 1.000000
0.999873 -0.004011 0.015411 0.004700 0.005001 0.997887 -0.064774 5.245300 -0.015119 0.064843 0.997781 0.258800 0.000000 0.000000 0.000000 1.000000
0.999874 -0.004092 0.015312 0.004700 0.005059 0.997959 -0.063663 5.245300 -0.015020 0.063732 0.997854 0.258800 0.000000 0.000000 0.000000 1.000000
0.999876 -0.004183 0.015176 0.004700 0.005124 0.998033 -0.062484 5.245300 -0.014884 0.062554 0.997931 0.258800 0.000000 0.000000 0.000000 1.000000
0.999878 -0.004303 0.015003 0.004700 0.005213 0.998117 -0.061125 5.245300 -0.014712 0.061196 0.998017 0.258800 0.000000 0.000000 0.000000 1.000000
0.999881 -0.004465 0.014753 0.004700 0.005335 0.998216 -0.059461 5.245300 -0.014461 0.059532 0.998122 0.258800 0.000000 0.000000 0.000000 1.000000
0.999885 -0.004669 0.014444 0.004700 0.005492 0.998331 -0.057495 5.245300 -0.014151 0.057567 0.998241 0.258800 0.000000 0.000000 0.000000 1.000000
0.999889 -0.004897 0.014087 0.004700 0.005669 0.998451 -0.055352 5.245300 -0.013794 0.055425 0.998368 0.258800 0.000000 0.000000 0.000000 1.000000
0.999893 -0.005141 0.013684 0.004700 0.005862 0.998570 -0.053131 5.245300 -0.013391 0.053205 0.998494 0.258800 0.000000 0.000000 0.000000 1.000000
0.999898 -0.005397 0.013242 0.004700 0.006064 0.998687 -0.050870 5.245300 -0.012950 0.050945 0.998617 0.258800 0.000000 0.000000 0.000000 1.000000
0.999902 -0.005664 0.012788 0.004700 0.006279 0.998800 -0.048565 5.245300 -0.012498 0.048640 0.998738 0.258800 0.000000 0.000000 0.000000 1.000000
0.999906 -0.005940 0.012317 0.004700 0.006504 0.998911 -0.046210 5.245300 -0.012029 0.046286 0.998856 0.258800 0.000000 0.000000 0.000000 1.000000
0.999911 -0.006218 0.011834 0.004700 0.006733 0.999011 -0.043948 5.245300 -0.011549 0.044023 0.998964 0.258800 0.000000 0.000000 0.000000 1.000000
0.999915 -0.006495 0.011348 0.004700 0.006963 0.999106 -0.041705 5.245300 -0.011067 0.041781 0.999066 0.258800 0.000000 0.000000 0.000000 1.000000
0.999918 -0.006768 0.010862 0.004700 0.007193 0.999192 -0.039548 5.245300 -0.010586 0.039623 0.999159 0.258800 0.000000 0.000000 0.000000 1.000000
0.999921 -0.007039 0.010378 0.004700 0.007423 0.999271 -0.037454 5.245300 -0.010107 0.037528 0.999244 0.258800 0.000000 0.000000 0.000000 1.000000
0.999924 -0.007300 0.009923 0.004700 0.007649 0.999338 -0.035577 5.245300 -0.009656 0.035650 0.999318 0.258800 0.000000 0.000000 0.000000 1.000000
0.999927 -0.007534 0.009486 0.004700 0.007852 0.999396 -0.033856 5.245300 -0.009225 0.033928 0.999382 0.258800 0.000000 0.000000 0.000000 1.000000
0.999929 -0.007723 0.009082 0.004700 0.008012 0.999446 -0.032305 5.245300 -0.008828 0.032375 0.999437 0.258800 0.000000 0.000000 0.000000 1.000000
0.999931 -0.007863 0.008706 0.004700 0.008130 0.999485 -0.031045 5.245300 -0.008457 0.031114 0.999480 0.258800 0.000000 0.000000 0.000000 1.000000
0.999933 -0.007978 0.008372 0.004700 0.008226 0.999516 -0.030007 5.245300 -0.008128 0.030074 0.999515 0.258800 0.000000 0.000000 0.000000 1.000000
0.999933 -0.008041 0.008276 0.004700 0.008280 0.999537 -0.029288 5.245300 -0.008036 0.029355 0.999537 0.258800 0.000000 0.000000 0.000000 1.000000
0.999936 -0.007774 0.008161 0.004700 0.008008 0.999549 -0.028936 5.245300 -0.007932 0.029000 0.999548 0.258800 0.000000 0.000000 0.000000 1.000000</float_array>
        <technique_common>
          <accessor source="#mixamorig_Spine-Matrix-animation-output-transform-array" count="64" stride="16">
            <param type="float4x4"/>
          </accessor>
        </technique_common>
      </source>
      <source id="mixamorig_Spine-Interpolations">
        <Name_array id="mixamorig_Spine-Interpolations-array" count="64">
 LINEAR LINEAR LINEAR LINEAR LINEAR LINEAR LINEAR LINEAR LINEAR LINEAR LINEAR
LINEAR LINEAR LINEAR LINEAR LINEAR LINEAR LINEAR LINEAR LINEAR LINEAR LINEAR LINEAR
LINEAR LINEAR LINEAR LINEAR LINEAR LINEAR LINEAR LINEAR LINEAR LINEAR LINEAR LINEAR
LINEAR LINEAR LINEAR LINEAR LINEAR LINEAR LINEAR LINEAR LINEAR LINEAR LINEAR LINEAR
LINEAR LINEAR LINEAR LINEAR LINEAR LINEAR LINEAR LINEAR LINEAR LINEAR LINEAR LINEAR
LINEAR LINEAR LINEAR LINEAR LINEAR</Name_array>
        <technique_common>
          <accessor source="#mixamorig_Spine-Interpolations-array" count="64">
            <param type="name"/>
          </accessor>
        </technique_common>
      </source>
      <sampler id="mixamorig_Spine-Matrix-animation-transform">
        <input semantic="INPUT" source="#mixamorig_Spine-Matrix-animation-input"/>
        <input semantic="OUTPUT" source="#mixamorig_Spine-Matrix-animation-output-transform"/>
        <input semantic="INTERPOLATION" source="#mixamorig_Spine-Interpolations"/>
      </sampler>
      <channel source="#mixamorig_Spine-Matrix-animation-transform" target="mixamorig_Spine/matrix"/>
    </animation>
    <animation id="mixamorig_Spine1-anim" name="mixamorig_Spine1">
      <source id="mixamorig_Spine1-Matrix-animation-input">
        <float_array id="mixamorig_Spine1-Matrix-animation-input-array" count="64">

0.000000 0.033333 0.066667 0.100000 0.133333 0.166667 0.200000 0.233333 0.266667 0.300000 0.333333 0.366667 0.400000 0.433333 0.466667 0.500000
0.533333 0.566667 0.600000 0.633333 0.666667 0.700000 0.733333 0.766667 0.800000 0.833333 0.866667 0.900000 0.933333 0.966667 1.000000 1.033333
1.066667 1.100000 1.133333 1.166667 1.200000 1.233333 1.266667 1.300000 1.333333 1.366667 1.400000 1.433333 1.466667 1.500000 1.533333 1.566667
1.600000 1.633333 1.666667 1.700000 1.733333 1.766667 1.800000 1.833333 1.866667 1.900000 1.933333 1.966667 2.000000 2.033333 2.066667 2.100000</float_array>
        <technique_common>
          <accessor source="#mixamorig_Spine1-Matrix-animation-input-array" count="64">
            <param name="TIME" type="float"/>
          </accessor>
        </technique_common>
      </source>
      <source id="mixamorig_Spine1-Matrix-animation-output-transform">
        <float_array id="mixamorig_Spine1-Matrix-animation-output-transform-array" count="1024">

0.999795 -0.007794 0.018681 -0.000000 0.008065 0.999863 -0.014466 11.066900 -0.018565 0.014614 0.999721 0.000000 0.000000 0.000000 0.000000 1.000000
0.999798 -0.007578 0.018622 0.000000 0.007843 0.999869 -0.014174 11.066900 -0.018512 0.014317 0.999726 0.000000 0.000000 0.000000 0.000000 1.000000
0.999801 -0.007399 0.018539 0.000000 0.007657 0.999874 -0.013905 11.066900 -0.018433 0.014044 0.999731 -0.000000 0.000000 0.000000 0.000000 1.000000
0.999803 -0.007268 0.018444 0.000000 0.007521 0.999878 -0.013689 11.066900 -0.018342 0.013825 0.999736 0.000000 0.000000 0.000000 0.000000 1.000000
0.999806 -0.007196 0.018315 0.000000 0.007445 0.999881 -0.013529 11.066900 -0.018216 0.013663 0.999741 0.000000 0.000000 0.000000 0.000000 1.000000
0.999809 -0.007169 0.018175 0.000000 0.007415 0.999881 -0.013524 11.066900 -0.018076 0.013656 0.999743 0.000000 0.000000 0.000000 0.000000 1.000000
0.999812 -0.007168 0.018037 0.000000 0.007413 0.999881 -0.013556 11.066900 -0.017938 0.013687 0.999745 0.000000 0.000000 0.000000 0.000000 1.000000
0.999814 -0.007203 0.017898 0.000000 0.007447 0.999880 -0.013588 11.066900 -0.017798 0.013719 0.999747 0.000000 0.000000 0.000000 0.000000 1.000000
0.999816 -0.007289 0.017765 0.000000 0.007532 0.999878 -0.013649 11.066900 -0.017663 0.013781 0.999749 0.000000 0.000000 0.000000 0.000000 1.000000
0.999818 -0.007433 0.017598 0.000000 0.007678 0.999874 -0.013903 11.066900 -0.017492 0.014035 0.999748 0.000000 0.000000 0.000000 0.000000 1.000000
0.999818 -0.007628 0.017467 -0.000000 0.007874 0.999869 -0.014108 11.066900 -0.017357 0.014243 0.999748 0.000000 0.000000 0.000000 0.000000 1.000000
0.999819 -0.007861 0.017308 0.000000 0.008111 0.999863 -0.014453 11.066900 -0.017192 0.014591 0.999746 0.000000 0.000000 0.000000 0.000000 1.000000
0.999818 -0.008120 0.017260 0.000000 0.008375 0.999856 -0.014793 11.066900 -0.017137 0.014935 0.999742 -0.000000 0.000000 0.000000 0.000000 1.000000
0.999816 -0.008413 0.017250 0.000000 0.008675 0.999847 -0.015159 11.066900 -0.017120 0.015305 0.999736 0.000000 0.000000 0.000000 0.000000 1.000000
0.999813 -0.008739 0.017258 0.000000 0.009009 0.999837 -0.015649 11.066900 -0.017119 0.015802 0.999729 0.000000 0.000000 0.000000 0.000000 1.000000
0.999809 -0.009100 0.017315 0.000000 0.009380 0.999825 -0.016164 11.066900 -0.017165 0.016324 0.999719 0.000000 0.000000 0.000000 0.000000 1.000000
0.999804 -0.009485 0.017354 0.000000 0.009774 0.999813 -0.016667 11.066900 -0.017192 0.016834 0.999710 0.000000 0.000000 0.000000 0.000000 1.000000
0.999800 -0.009891 0.017405 -0.000000 0.010191 0.999799 -0.017243 11.066900 -0.017231 0.017417 0.999700 0.000000 0.000000 0.000000 0.000000 1.000000
0.999794 -0.010310 0.017481 0.000000 0.010622 0.999784 -0.017856 11.066900 -0.017293 0.018038 0.999688 0.000000 0.000000 0.000000 0.000000 1.000000
0.999788 -0.010750 0.017550 0.000000 0.011075 0.999768 -0.018486 11.066900 -0.017347 0.018677 0.999675 -0.000000 0.000000 0.000000 0.000000 1.000000
0.999780 -0.011265 0.017687 -0.000000 0.011605 0.999748 -0.019217 11.066900 -0.017466 0.019418 0.999659 -0.000000 0.000000 0.000000 0.000000 1.000000
0.999769 -0.011883 0.017905 0.000000 0.012241 0.999725 -0.020024 11.066900 -0.017662 0.020238 0.999639 -0.000000 0.000000 0.000000 0.000000 1.000000
0.999757 -0.012565 0.018138 0.000000 0.012946 0.999695 -0.021033 11.066900 -0.017868 0.021263 0.999614 0.000000 0.000000 0.000000 0.000000 1.000000
0.999742 -0.013272 0.018440 0.000000 0.013677 0.999664 -0.022003 11.066900 -0.018142 0.022249 0.999588 0.000000 0.000000 0.000000 0.000000 1.000000
0.999727 -0.013980 0.018747 0.000000 0.014411 0.999630 -0.023080 11.066900 -0.018418 0.023344 0.999558 0.000000 0.000000 0.000000 0.000000 1.000000
0.999709 -0.014689 0.019124 -0.000000 0.015148 0.999596 -0.024054 11.066900 -0.018763 0.024336 0.999528 0.000000 0.000000 0.000000 0.000000 1.000000
0.999690 -0.015404 0.019550 0.000000 0.015891 0.999561 -0.025025 11.066900 -0.019156 0.025328 0.999496 0.000000 0.000000 0.000000 0.000000 1.000000
0.999671 -0.016105 0.019951 -0.000000 0.016622 0.999522 -0.026063 11.066900 -0.019522 0.026386 0.999461 0.000000 0.000000 0.000000 0.000000 1.000000
0.999651 -0.016793 0.020392 -0.000000 0.017342 0.999484 -0.027047 11.066900 -0.019927 0.027391 0.999426 0.000000 0.000000 0.000000 0.000000 1.000000
0.999630 -0.017466 0.020875 0.000000 0.018048 0.999445 -0.028005 11.066900 -0.020374 0.028371 0.999390 0.000000 0.000000 0.000000 0.000000 1.000000
0.999608 -0.018109 0.021341 -0.000000 0.018724 0.999406 -0.028940 11.066900 -0.020804 0.029329 0.999353 0.000000 0.000000 0.000000 0.000000 1.000000
0.999587 -0.018719 0.021792 0.000000 0.019366 0.999367 -0.029848 11.066900 -0.021220 0.030258 0.999317 0.000000 0.000000 0.000000 0.000000 1.000000
0.999566 -0.019295 0.022269 0.000000 0.019974 0.999329 -0.030696 11.066900 -0.021662 0.031128 0.999281 0.000000 0.000000 0.000000 0.000000 1.000000
0.999545 -0.019829 0.022740 0.000000 0.020540 0.999294 -0.031450 11.066900 -0.022100 0.031903 0.999247 0.000000 0.000000 0.000000 0.000000 1.000000
0.999525 -0.020312 0.023196 0.000000 0.021052 0.999262 -0.032134 11.066900 -0.022527 0.032607 0.999214 -0.000000 0.000000 0.000000 0.000000 1.000000
0.999505 -0.020738 0.023641 0.000000 0.021507 0.999232 -0.032743 11.066900 -0.022944 0.033235 0.999184 0.000000 0.000000 0.000000 0.000000 1.000000
0.999488 -0.021100 0.024035 0.000000 0.021894 0.999206 -0.033294 11.066900 -0.023313 0.033803 0.999157 -0.000000 0.000000 0.000000 0.000000 1.000000
0.999472 -0.021402 0.024434 0.000000 0.022220 0.999185 -0.033713 11.066900 -0.023692 0.034238 0.999133 0.000000 0.000000 0.000000 0.000000 1.000000
0.999461 -0.021624 0.024715 -0.000000 0.022460 0.999167 -0.034069 11.066900 -0.023957 0.034606 0.999114 -0.000000 0.000000 0.000000 0.000000 1.000000
0.999451 -0.021770 0.024974 -0.000000 0.022621 0.999155 -0.034327 11.066900 -0.024206 0.034873 0.999099 0.000000 0.000000 0.000000 0.000000 1.000000
0.999444 -0.021829 0.025222 0.000000 0.022691 0.999149 -0.034430 11.066900 -0.024449 0.034983 0.999089 0.000000 0.000000 0.000000 0.000000 1.000000
0.999439 -0.021788 0.025441 0.000000 0.022655 0.999154 -0.034314 11.066900 -0.024672 0.034871 0.999087 0.000000 0.000000 0.000000 0.000000 1.000000
0.999438 -0.021649 0.025612 0.000000 0.022518 0.999163 -0.034142 11.066900 -0.024852 0.034699 0.999089 0.000000 0.000000 0.000000 0.000000 1.000000
0.999439 -0.021442 0.025724 0.000000 0.022309 0.999176 -0.033914 11.066900 -0.024975 0.034469 0.999094 0.000000 0.000000 0.000000 0.000000 1.000000
0.999443 -0.021187 0.025780 0.000000 0.022047 0.999193 -0.033578 11.066900 -0.025048 0.034127 0.999104 0.000000 0.000000 0.000000 0.000000 1.000000
0.999450 -0.020854 0.025785 0.000000 0.021703 0.999216 -0.033108 11.066900 -0.025075 0.033650 0.999119 0.000000 0.000000 0.000000 0.000000 1.000000
0.999462 -0.020399 0.025683 0.000000 0.021229 0.999247 -0.032482 11.066900 -0.025001 0.033009 0.999142 0.000000 0.000000 0.000000 0.000000 1.000000
0.999478 -0.019818 0.025509 0.000000 0.020623 0.999286 -0.031671 11.066900 -0.024863 0.032181 0.999173 -0.000000 0.000000 0.000000 0.000000 1.000000
0.999497 -0.019149 0.025278 -0.000000 0.019923 0.999329 -0.030728 11.066900 -0.024672 0.031216 0.999208 0.000000 0.000000 0.000000 0.000000 1.000000
0.999518 -0.018419 0.024991 0.000000 0.019159 0.999376 -0.029690 11.066900 -0.024429 0.030154 0.999247 -0.000000 0.000000 0.000000 0.000000 1.000000
0.999541 -0.017637 0.024626 -0.000000 0.018339 0.999423 -0.028576 11.066900 -0.024108 0.029014 0.999288 0.000000 0.000000 0.000000 0.000000 1.000000
0.999565 -0.016817 0.024231 -0.000000 0.017480 0.999472 -0.027406 11.066900 -0.023757 0.027817 0.999331 0.000000 0.000000 0.000000 0.000000 1.000000
0.999589 -0.015965 0.023810 0.000000 0.016589 0.999518 -0.026238 11.066900 -0.023380 0.026622 0.999372 0.000000 0.000000 0.000000 0.000000 1.000000
0.999613 -0.015093 0.023352 -0.000000 0.015675 0.999566 -0.024941 11.066900 -0.022965 0.025297 0.999416 0.000000 0.000000 0.000000 0.000000 1.000000
0.999637 -0.014215 0.022869 0.000000 0.014756 0.999611 -0.023683 11.066900 -0.022523 0.024012 0.999458 0.000000 0.000000 0.000000 0.000000 1.000000
0.999661 -0.013339 0.022374 -0.000000 0.013841 0.999653 -0.022425 11.066900 -0.022067 0.022727 0.999498 -0.000000 0.000000 0.000000 0.000000 1.000000
0.999683 -0.012476 0.021853 0.000000 0.012941 0.999690 -0.021273 11.066900 -0.021581 0.021549 0.999535 -0.000000 0.000000 0.000000 0.000000 1.000000
0.999704 -0.011641 0.021359 0.000000 0.012070 0.999726 -0.020037 11.066900 -0.021120 0.020289 0.999571 0.000000 0.000000 0.000000 0.000000 1.000000
0.999724 -0.010845 0.020861 -0.000000 0.011239 0.999759 -0.018883 11.066900 -0.020651 0.019113 0.999604 0.000000 0.000000 0.000000 0.000000 1.000000
0.999741 -0.010094 0.020373 0.000000 0.010458 0.999786 -0.017829 11.066900 -0.020189 0.018037 0.999633 0.000000 0.000000 0.000000 0.000000 1.000000
0.999758 -0.009401 0.019888 0.000000 0.009735 0.999812 -0.016786 11.066900 -0.019726 0.016975 0.999661 0.000000 0.000000 0.000000 0.000000 1.000000
0.999772 -0.008785 0.019440 0.000000 0.009096 0.999832 -0.015932 11.066900 -0.019297 0.016105 0.999684 0.000000 0.000000 0.000000 0.000000 1.000000
0.999785 -0.008254 0.019038 0.000000 0.008542 0.999849 -0.015121 11.066900 -0.018910 0.015281 0.999704 -0.000000 0.000000 0.000000 0.000000 1.000000
0.999796 -0.007799 0.018646 0.000000 0.008069 0.999863 -0.014451 11.066900 -0.018530 0.014599 0.999722 0.000000 0.000000 0.000000 0.000000 1.000000</float_array>
        <technique_common>
          <accessor source="#mixamorig_Spine1-Matrix-animation-output-transform-array" count="64" stride="16">
            <param type="float4x4"/>
          </accessor>
        </technique_common>
      </source>
      <source id="mixamorig_Spine1-Interpolations">
        <Name_array id="mixamorig_Spine1-Interpolations-array" count="64">
 LINEAR LINEAR LINEAR LINEAR LINEAR LINEAR LINEAR LINEAR LINEAR LINEAR LINEAR
LINEAR LINEAR LINEAR LINEAR LINEAR LINEAR LINEAR LINEAR LINEAR LINEAR LINEAR LINEAR
LINEAR LINEAR LINEAR LINEAR LINEAR LINEAR LINEAR LINEAR LINEAR LINEAR LINEAR LINEAR
LINEAR LINEAR LINEAR LINEAR LINEAR LINEAR LINEAR LINEAR LINEAR LINEAR LINEAR LINEAR
LINEAR LINEAR LINEAR LINEAR LINEAR LINEAR LINEAR LINEAR LINEAR LINEAR LINEAR LINEAR
LINEAR LINEAR LINEAR LINEAR LINEAR</Name_array>
        <technique_common>
          <accessor source="#mixamorig_Spine1-Interpolations-array" count="64">
            <param type="name"/>
          </accessor>
        </technique_common>
      </source>
      <sampler id="mixamorig_Spine1-Matrix-animation-transform">
        <input semantic="INPUT" source="#mixamorig_Spine1-Matrix-animation-input"/>
        <input semantic="OUTPUT" source="#mixamorig_Spine1-Matrix-animation-output-transform"/>
        <input semantic="INTERPOLATION" source="#mixamorig_Spine1-Interpolations"/>
      </sampler>
      <channel source="#mixamorig_Spine1-Matrix-animation-transform" target="mixamorig_Spine1/matrix"/>
    </animation>
    <animation id="mixamorig_Spine2-anim" name="mixamorig_Spine2">
      <source id="mixamorig_Spine2-Matrix-animation-input">
        <float_array id="mixamorig_Spine2-Matrix-animation-input-array" count="64">

0.000000 0.033333 0.066667 0.100000 0.133333 0.166667 0.200000 0.233333 0.266667 0.300000 0.333333 0.366667 0.400000 0.433333 0.466667 0.500000
0.533333 0.566667 0.600000 0.633333 0.666667 0.700000 0.733333 0.766667 0.800000 0.833333 0.866667 0.900000 0.933333 0.966667 1.000000 1.033333
1.066667 1.100000 1.133333 1.166667 1.200000 1.233333 1.266667 1.300000 1.333333 1.366667 1.400000 1.433333 1.466667 1.500000 1.533333 1.566667
1.600000 1.633333 1.666667 1.700000 1.733333 1.766667 1.800000 1.833333 1.866667 1.900000 1.933333 1.966667 2.000000 2.033333 2.066667 2.100000</float_array>
        <technique_common>
          <accessor source="#mixamorig_Spine2-Matrix-animation-input-array" count="64">
            <param name="TIME" type="float"/>
          </accessor>
        </technique_common>
      </source>
      <source id="mixamorig_Spine2-Matrix-animation-output-transform">
        <float_array id="mixamorig_Spine2-Matrix-animation-output-transform-array" count="1024">

0.999836 -0.000578 0.018090 0.000000 0.005578 0.960668 -0.277644 8.141900 -0.017219 0.277699 0.960514 -0.000000 0.000000 0.000000 0.000000 1.000000
0.999842 -0.000942 0.017753 0.000000 0.005818 0.960936 -0.276710 8.141900 -0.016799 0.276769 0.960790 0.000000 0.000000 0.000000 0.000000 1.000000
0.999847 -0.001282 0.017418 0.000000 0.006038 0.961184 -0.275843 8.141900 -0.016388 0.275906 0.961045 0.000000 0.000000 0.000000 0.000000 1.000000
0.999853 -0.001583 0.017100 -0.000000 0.006227 0.961401 -0.275080 8.141900 -0.016005 0.275146 0.961269 0.000000 0.000000 0.000000 0.000000 1.000000
0.999857 -0.001845 0.016786 0.000000 0.006382 0.961587 -0.274425 8.141900 -0.015635 0.274493 0.961462 0.000000 0.000000 0.000000 0.000000 1.000000
0.999862 -0.002056 0.016508 0.000000 0.006501 0.961713 -0.273981 8.141900 -0.015313 0.274050 0.961594 0.000000 0.000000 0.000000 0.000000 1.000000
0.999865 -0.002193 0.016287 -0.000000 0.006566 0.961808 -0.273648 8.141900 -0.015065 0.273718 0.961692 0.000000 0.000000 0.000000 0.000000 1.000000
0.999868 -0.002275 0.016114 0.000000 0.006595 0.961878 -0.273399 8.141900 -0.014878 0.273469 0.961766 0.000000 0.000000 0.000000 0.000000 1.000000
0.999870 -0.002319 0.015971 0.000000 0.006596 0.961918 -0.273260 8.141900 -0.014729 0.273330 0.961808 -0.000000 0.000000 0.000000 0.000000 1.000000
0.999872 -0.002349 0.015815 -0.000000 0.006584 0.961881 -0.273391 8.141900 -0.014570 0.273460 0.961773 -0.000000 0.000000 0.000000 0.000000 1.000000
0.999874 -0.002337 0.015717 0.000000 0.006548 0.961831 -0.273565 8.141900 -0.014478 0.273634 0.961725 0.000000 0.000000 0.000000 0.000000 1.000000
0.999875 -0.002276 0.015641 0.000000 0.006475 0.961718 -0.273964 8.141900 -0.014419 0.274031 0.961613 0.000000 0.000000 0.000000 0.000000 1.000000
