<?xml version="1.0" encoding="utf-8"?>
<COLLADA xmlns="http://www.collada.org/2005/11/COLLADASchema" version="1.4.1">
  <asset>
    <contributor>
      <author>Mixamo</author>
      <authoring_tool>COLLADA Mixamo exporter</authoring_tool>
      <comments/>
    </contributor>
    <created>2024-06-04T21:17:40Z</created>
    <modified>2024-06-04T21:17:40Z</modified>
    <revision/>
    <title/>
    <unit meter="0.010000"/>
    <up_axis>Y_UP</up_axis>
  </asset>
  <library_animations>
    <animation id="mixamorig_Hips-anim" name="mixamorig_Hips">
      <source id="mixamorig_Hips-Matrix-animation-input">
        <float_array id="mixamorig_Hips-Matrix-animation-input-array" count="31">

0.000000 0.033333 0.066667 0.100000 0.133333 0.166667 0.200000 0.233333 0.266667 0.300000 0.333333 0.366667 0.400000 0.433333 0.466667 0.500000
0.533333 0.566667 0.600000 0.633333 0.666667 0.700000 0.733333 0.766667 0.800000 0.833333 0.866667 0.900000 0.933333 0.966667 1.000000</float_array>
        <technique_common>
          <accessor source="#mixamorig_Hips-Matrix-animation-input-array" count="31">
            <param name="TIME" type="float"/>
          </accessor>
        </technique_common>
      </source>
      <source id="mixamorig_Hips-Matrix-animation-output-transform">
        <float_array id="mixamorig_Hips-Matrix-animation-output-transform-array" count="496">

0.783000 -0.029696 -0.621313 -1.037991 0.033494 0.999423 -0.005557 89.432770 0.621120 -0.016459 0.783543 1.222275 0.000000 0.000000 0.000000 1.000000
0.803147 -0.033420 -0.594843 -0.854696 0.038369 0.999254 -0.004336 88.477562 0.594544 -0.019341 0.803830 0.061896 0.000000 0.000000 0.000000 1.000000
0.824536 -0.039092 -0.564458 -0.439690 0.044840 0.998987 -0.003685 87.455986 0.564030 -0.022272 0.825454 -1.185637 0.000000 0.000000 0.000000 1.000000
0.845039 -0.045636 -0.532753 0.035739 0.051723 0.998655 -0.003504 86.540474 0.532196 -0.024595 0.846264 -1.919500 0.000000 0.000000 0.000000 1.000000
0.862371 -0.053287 -0.503465 0.511509 0.059473 0.998223 -0.003783 85.950546 0.502772 -0.026680 0.864007 -1.720776 0.000000 0.000000 0.000000 1.000000
0.874695 -0.061353 -0.480774 1.032447 0.067460 0.997711 -0.004587 85.926567 0.479955 -0.028420 0.876833 -1.662877 0.000000 0.000000 0.000000 1.000000
0.882186 -0.065121 -0.466376 1.657609 0.070548 0.997491 -0.005835 86.268768 0.465586 -0.027754 0.884567 -2.627867 0.000000 0.000000 0.000000 1.000000
0.885655 -0.062203 -0.460158 2.268970 0.066293 0.997774 -0.007285 86.509773 0.459587 -0.024053 0.887807 -4.319546 0.000000 0.000000 0.000000 1.000000
0.884481 -0.061353 -0.462524 2.837864 0.064340 0.997884 -0.009330 87.135429 0.462118 -0.021506 0.886557 -5.602929 0.000000 0.000000 0.000000 1.000000
0.878959 -0.063957 -0.472589 3.317813 0.066014 0.997744 -0.012249 88.140518 0.472306 -0.020431 0.881198 -6.367708 0.000000 0.000000 0.000000 1.000000
0.869562 -0.068430 -0.489059 3.674080 0.069564 0.997451 -0.015880 89.341858 0.488899 -0.020212 0.872106 -5.874738 0.000000 0.000000 0.000000 1.000000
0.856705 -0.073306 -0.510571 3.860252 0.073367 0.997103 -0.020056 90.457077 0.510562 -0.020277 0.859602 -4.847999 0.000000 0.000000 0.000000 1.000000
0.840826 -0.077282 -0.535761 3.867362 0.075941 0.996809 -0.024604 91.198746 0.535953 -0.019999 0.844011 -3.651410 0.000000 0.000000 0.000000 1.000000
0.822181 -0.080742 -0.563471 3.787879 0.077746 0.996541 -0.029356 91.198105 0.563892 -0.019671 0.825614 -2.338021 0.000000 0.000000 0.000000 1.000000
0.801324 -0.082670 -0.592491 3.683623 0.077556 0.996403 -0.034136 90.663254 0.593182 -0.018598 0.804853 -1.527368 0.000000 0.000000 0.000000 1.000000
0.778798 -0.082972 -0.621763 3.472666 0.075201 0.996414 -0.038774 89.891678 0.622751 -0.016560 0.782245 -0.953957 0.000000 0.000000 0.000000 1.000000
0.755435 -0.080792 -0.650224 3.130003 0.069496 0.996651 -0.043094 88.979141 0.651528 -0.012633 0.758519 -0.503645 0.000000 0.000000 0.000000 1.000000
0.732220 -0.076830 -0.676721 2.730726 0.061255 0.997019 -0.046915 87.872276 0.678308 -0.007100 0.734743 -0.003408 0.000000 0.000000 0.000000 1.000000
0.710554 -0.072224 -0.699926 2.311615 0.052076 0.997388 -0.050052 87.200935 0.701712 -0.000885 0.712460 0.635306 0.000000 0.000000 0.000000 1.000000
0.690956 -0.070642 -0.719437 1.836763 0.047401 0.997500 -0.052421 86.339432 0.721341 0.002119 0.692577 0.848761 0.000000 0.000000 0.000000 1.000000
0.674515 -0.071184 -0.734822 1.340650 0.046524 0.997461 -0.053920 86.827110 0.736794 0.002183 0.676114 0.557346 0.000000 0.000000 0.000000 1.000000
0.662941 -0.073718 -0.745034 0.841133 0.049753 0.997279 -0.054406 88.249405 0.747017 -0.001000 0.664804 -0.288725 0.000000 0.000000 0.000000 1.000000
0.656679 -0.075837 -0.750347 0.311067 0.053655 0.997108 -0.053820 89.440071 0.752259 -0.004918 0.658849 -1.778511 0.000000 0.000000 0.000000 1.000000
0.656892 -0.076505 -0.750093 -0.197075 0.056771 0.997033 -0.051974 90.463409 0.751845 -0.008442 0.659286 -3.369318 0.000000 0.000000 0.000000 1.000000
0.665348 -0.075679 -0.742687 -0.653933 0.059683 0.997056 -0.048132 91.103981 0.744144 -0.012301 0.667906 -4.324358 0.000000 0.000000 0.000000 1.000000
0.680251 -0.071361 -0.729497 -0.955456 0.058983 0.997351 -0.042562 91.496658 0.730602 -0.014075 0.682659 -4.175815 0.000000 0.000000 0.000000 1.000000
0.699336 -0.063775 -0.711942 -1.075490 0.054599 0.997868 -0.035755 91.556679 0.712705 -0.013866 0.701327 -3.233631 0.000000 0.000000 0.000000 1.000000
0.720863 -0.053386 -0.691019 -1.141250 0.046947 0.998500 -0.028166 91.360886 0.691486 -0.012138 0.722288 -1.848182 0.000000 0.000000 0.000000 1.000000
0.743252 -0.042648 -0.667651 -1.133748 0.039131 0.999029 -0.020253 90.935402 0.667867 -0.011073 0.744199 -0.484740 0.000000 0.000000 0.000000 1.000000
0.764596 -0.034599 -0.643581 -1.088851 0.034665 0.999320 -0.012539 90.261955 0.643577 -0.012722 0.765276 0.572140 0.000000 0.000000 0.000000 1.000000
0.782999 -0.029696 -0.621313 -1.038004 0.033495 0.999423 -0.005557 89.433273 0.621120 -0.016460 0.783543 1.222279 0.000000 0.000000 0.000000 1.000000</float_array>
        <technique_common>
          <accessor source="#mixamorig_Hips-Matrix-animation-output-transform-array" count="31" stride="16">
            <param type="float4x4"/>
          </accessor>
        </technique_common>
      </source>
      <source id="mixamorig_Hips-Interpolations">
        <Name_array id="mixamorig_Hips-Interpolations-array" count="31">
 LINEAR LINEAR LINEAR LINEAR LINEAR LINEAR LINEAR LINEAR LINEAR LINEAR LINEAR
LINEAR LINEAR LINEAR LINEAR LINEAR LINEAR LINEAR LINEAR LINEAR LINEAR LINEAR LINEAR
LINEAR LINEAR LINEAR LINEAR LINEAR LINEAR LINEAR LINEAR</Name_array>
        <technique_common>
          <accessor source="#mixamorig_Hips-Interpolations-array" count="31">
            <param type="name"/>
          </accessor>
        </technique_common>
      </source>
      <sampler id="mixamorig_Hips-Matrix-animation-transform">
        <input semantic="INPUT" source="#mixamorig_Hips-Matrix-animation-input"/>
        <input semantic="OUTPUT" source="#mixamorig_Hips-Matrix-animation-output-transform"/>
        <input semantic="INTERPOLATION" source="#mixamorig_Hips-Interpolations"/>
      </sampler>
      <channel source="#mixamorig_Hips-Matrix-animation-transform" target="mixamorig_Hips/matrix"/>
    </animation>
    <animation id="mixamorig_Spine-anim" name="mixamorig_Spine">
      <source id="mixamorig_Spine-Matrix-animation-input">
        <float_array id="mixamorig_Spine-Matrix-animation-input-array" count="31">

0.000000 0.033333 0.066667 0.100000 0.133333 0.166667 0.200000 0.233333 0.266667 0.300000 0.333333 0.366667 0.400000 0.433333 0.466667 0.500000
0.533333 0.566667 0.600000 0.633333 0.666667 0.700000 0.733333 0.766667 0.800000 0.833333 0.866667 0.900000 0.933333 0.966667 1.000000</float_array>
        <technique_common>
          <accessor source="#mixamorig_Spine-Matrix-animation-input-array" count="31">
            <param name="TIME" type="float"/>
          </accessor>
        </technique_common>
      </source>
      <source id="mixamorig_Spine-Matrix-animation-output-transform">
        <float_array id="mixamorig_Spine-Matrix-animation-output-transform-array" count="496">

0.991559 -0.026252 -0.126969 0.004700 0.016991 0.997152 -0.073478 5.245300 0.128536 0.070700 0.989181 0.258800 0.000000 0.000000 0.000000 1.000000
0.990635 -0.020061 -0.135055 0.004700 0.010200 0.997257 -0.073317 5.245300 0.136155 0.071253 0.988122 0.258800 0.000000 0.000000 0.000000 1.000000
0.989528 -0.007966 -0.144124 0.004700 -0.002196 0.997530 -0.070214 5.245300 0.144328 0.069795 0.987065 0.258800 0.000000 0.000000 0.000000 1.000000
0.988128 0.007083 -0.153469 0.004700 -0.017161 0.997773 -0.064448 5.245300 0.152671 0.066317 0.986050 0.258800 0.000000 0.000000 0.000000 1.000000
0.986689 0.023464 -0.160916 0.004700 -0.033109 0.997795 -0.057526 5.245300 0.159211 0.062088 0.985290 0.258800 0.000000 0.000000 0.000000 1.000000
0.985580 0.040461 -0.164299 0.004700 -0.049486 0.997461 -0.051215 5.245300 0.161810 0.058607 0.985080 0.258800 0.000000 0.000000 0.000000 1.000000
0.985016 0.051550 -0.164579 0.004700 -0.059933 0.997124 -0.046381 5.245300 0.161715 0.055549 0.985273 0.258800 0.000000 0.000000 0.000000 1.000000
0.984934 0.053365 -0.164488 0.004700 -0.061713 0.997031 -0.046061 5.245300 0.161541 0.055518 0.985303 0.258800 0.000000 0.000000 0.000000 1.000000
0.985292 0.054610 -0.161918 0.004700 -0.063967 0.996536 -0.053147 5.245300 0.158455 0.062723 0.985372 0.258800 0.000000 0.000000 0.000000 1.000000
0.986184 0.055404 -0.156111 0.004700 -0.065357 0.996095 -0.059359 5.245300 0.152212 0.068742 0.985954 0.258800 0.000000 0.000000 0.000000 1.000000
0.987545 0.055078 -0.147383 0.004700 -0.065197 0.995771 -0.064726 5.245300 0.143195 0.073528 0.986959 0.258800 0.000000 0.000000 0.000000 1.000000
0.988924 0.057989 -0.136628 0.004700 -0.067353 0.995614 -0.064933 5.245300 0.132264 0.073416 0.988492 0.258800 0.000000 0.000000 0.000000 1.000000
0.990179 0.064356 -0.124115 0.004700 -0.072046 0.995684 -0.058502 5.245300 0.119814 0.066869 0.990542 0.258800 0.000000 0.000000 0.000000 1.000000
0.991454 0.069361 -0.110488 0.004700 -0.075028 0.996026 -0.047982 5.245300 0.106721 0.055862 0.992719 0.258800 0.000000 0.000000 0.000000 1.000000
0.993121 0.066785 -0.096180 0.004700 -0.070628 0.996812 -0.037115 5.245300 0.093395 0.043653 0.994672 0.258800 0.000000 0.000000 0.000000 1.000000
0.994754 0.062568 -0.080924 0.004700 -0.064762 0.997593 -0.024768 5.245300 0.079180 0.029879 0.996412 0.258800 0.000000 0.000000 0.000000 1.000000
0.996281 0.056497 -0.065058 0.004700 -0.057383 0.998282 -0.011833 5.245300 0.064278 0.015523 0.997811 0.258800 0.000000 0.000000 0.000000 1.000000
0.997718 0.045354 -0.050023 0.004700 -0.045433 0.998967 -0.000438 5.245300 0.049952 0.002710 0.998748 0.258800 0.000000 0.000000 0.000000 1.000000
0.998828 0.031659 -0.036615 0.004700 -0.031411 0.999480 0.007327 5.245300 0.036827 -0.006168 0.999303 0.258800 0.000000 0.000000 0.000000 1.000000
0.999446 0.021427 -0.025456 0.004700 -0.021180 0.999727 0.009913 5.245300 0.025661 -0.009369 0.999627 0.258800 0.000000 0.000000 0.000000 1.000000
0.999750 0.016414 -0.015158 0.004700 -0.016308 0.999842 0.007112 5.245300 0.015272 -0.006864 0.999860 0.258800 0.000000 0.000000 0.000000 1.000000
0.999837 0.015648 -0.009045 0.004700 -0.015640 0.999877 0.000975 5.245300 0.009059 -0.000834 0.999959 0.258800 0.000000 0.000000 0.000000 1.000000
0.999820 0.017886 -0.006399 0.004700 -0.017921 0.999824 -0.005540 5.245300 0.006298 0.005653 0.999964 0.258800 0.000000 0.000000 0.000000 1.000000
0.999710 0.022371 -0.008927 0.004700 -0.022463 0.999694 -0.010376 5.245300 0.008692 0.010573 0.999906 0.258800 0.000000 0.000000 0.000000 1.000000
0.999499 0.025820 -0.018302 0.004700 -0.026096 0.999547 -0.015011 5.245300 0.017906 0.015481 0.999720 0.258800 0.000000 0.000000 0.000000 1.000000
0.999227 0.021858 -0.032666 0.004700 -0.022595 0.999495 -0.022361 5.245300 0.032161 0.023082 0.999216 0.258800 0.000000 0.000000 0.000000 1.000000
0.998686 0.011535 -0.049942 0.004700 -0.013185 0.999374 -0.032841 5.245300 0.049532 0.033456 0.998212 0.258800 0.000000 0.000000 0.000000 1.000000
0.997616 -0.001783 -0.068986 0.004700 -0.001261 0.999028 -0.044058 5.245300 0.068997 0.044040 0.996644 0.258800 0.000000 0.000000 0.000000 1.000000
0.995915 -0.015693 -0.088922 0.004700 0.010698 0.998352 -0.056376 5.245300 0.089660 0.055195 0.994442 0.258800 0.000000 0.000000 0.000000 1.000000
0.993727 -0.025539 -0.108879 0.004700 0.018181 0.997517 -0.068043 5.245300 0.110346 0.065637 0.991724 0.258800 0.000000 0.000000 0.000000 1.000000
0.991559 -0.026147 -0.126989 0.004700 0.016899 0.997162 -0.073363 5.245300 0.128547 0.070598 0.989187 0.258800 0.000000 0.000000 0.000000 1.000000</float_array>
        <technique_common>
          <accessor source="#mixamorig_Spine-Matrix-animation-output-transform-array" count="31" stride="16">
            <param type="float4x4"/>
          </accessor>
        </technique_common>
      </source>
      <source id="mixamorig_Spine-Interpolations">
        <Name_array id="mixamorig_Spine-Interpolations-array" count="31">
 LINEAR LINEAR LINEAR LINEAR LINEAR LINEAR LINEAR LINEAR LINEAR LINEAR LINEAR
LINEAR LINEAR LINEAR LINEAR LINEAR LINEAR LINEAR LINEAR LINEAR LINEAR LINEAR LINEAR
LINEAR LINEAR LINEAR LINEAR LINEAR LINEAR LINEAR LINEAR</Name_array>
        <technique_common>
          <accessor source="#mixamorig_Spine-Interpolations-array" count="31">
            <param type="name"/>
          </accessor>
        </technique_common>
      </source>
      <sampler id="mixamorig_Spine-Matrix-animation-transform">
        <input semantic="INPUT" source="#mixamorig_Spine-Matrix-animation-input"/>
        <input semantic="OUTPUT" source="#mixamorig_Spine-Matrix-animation-output-transform"/>
        <input semantic="INTERPOLATION" source="#mixamorig_Spine-Interpolations"/>
      </sampler>
      <channel source="#mixamorig_Spine-Matrix-animation-transform" target="mixamorig_Spine/matrix"/>
    </animation>
    <animation id="mixamorig_Spine1-anim" name="mixamorig_Spine1">
      <source id="mixamorig_Spine1-Matrix-animation-input">
        <float_array id="mixamorig_Spine1-Matrix-animation-input-array" count="31">

0.000000 0.033333 0.066667 0.100000 0.133333 0.166667 0.200000 0.233333 0.266667 0.300000 0.333333 0.366667 0.400000 0.433333 0.466667 0.500000
0.533333 0.566667 0.600000 0.633333 0.666667 0.700000 0.733333 0.766667 0.800000 0.833333 0.866667 0.900000 0.933333 0.966667 1.000000</float_array>
        <technique_common>
          <accessor source="#mixamorig_Spine1-Matrix-animation-input-array" count="31">
            <param name="TIME" type="float"/>
          </accessor>
        </technique_common>
      </source>
      <source id="mixamorig_Spine1-Matrix-animation-output-transform">
        <float_array id="mixamorig_Spine1-Matrix-animation-output-transform-array" count="496">

0.993197 -0.084640 0.079976 0.000000 0.092616 0.990470 -0.101935 11.066900 -0.070586 0.108649 0.991571 -0.000000 0.000000 0.000000 0.000000 1.000000
0.993243 -0.084220 0.079845 0.000000 0.092165 0.990538 -0.101684 11.066900 -0.070526 0.108355 0.991607 0.000000 0.000000 0.000000 0.000000 1.000000
0.993174 -0.085187 0.079673 0.000000 0.093015 0.990596 -0.100341 11.066900 -0.070376 0.107066 0.991758 0.000000 0.000000 0.000000 0.000000 1.000000
0.993112 -0.086385 0.079162 -0.000000 0.094086 0.990593 -0.099360 11.066900 -0.069835 0.106123 0.991898 0.000000 0.000000 0.000000 0.000000 1.000000
0.993064 -0.086948 0.079147 0.000000 0.094561 0.990668 -0.098158 11.066900 -0.069874 0.104961 0.992019 -0.000000 0.000000 0.000000 0.000000 1.000000
0.992995 -0.087527 0.079378 0.000000 0.095067 0.990754 -0.096797 11.066900 -0.070171 0.103665 0.992134 0.000000 0.000000 0.000000 0.000000 1.000000
0.992985 -0.087638 0.079371 0.000000 0.095139 0.990800 -0.096249 11.066900 -0.070205 0.103125 0.992188 0.000000 0.000000 0.000000 0.000000 1.000000
0.993015 -0.087887 0.078726 0.000000 0.095294 0.990822 -0.095865 11.066900 -0.069578 0.102697 0.992276 0.000000 0.000000 0.000000 0.000000 1.000000
0.992997 -0.087870 0.078969 -0.000000 0.095299 0.990824 -0.095846 11.066900 -0.069823 0.102701 0.992259 -0.000000 0.000000 0.000000 0.000000 1.000000
0.993002 -0.087437 0.079387 -0.000000 0.094969 0.990776 -0.096662 11.066900 -0.070202 0.103525 0.992146 -0.000000 0.000000 0.000000 0.000000 1.000000
0.992902 -0.087618 0.080429 0.000000 0.095332 0.990640 -0.097693 11.066900 -0.071117 0.104667 0.991961 0.000000 0.000000 0.000000 0.000000 1.000000
0.992596 -0.090536 0.080974 0.000000 0.098485 0.990075 -0.100262 11.066900 -0.071093 0.107494 0.991661 0.000000 0.000000 0.000000 0.000000 1.000000
0.991963 -0.096949 0.081304 -0.000000 0.105251 0.988892 -0.104956 11.066900 -0.070225 0.112669 0.991148 0.000000 0.000000 0.000000 0.000000 1.000000
0.991237 -0.103946 0.081513 0.000000 0.112675 0.987410 -0.111025 11.066900 -0.068947 0.119237 0.990469 -0.000000 0.000000 0.000000 0.000000 1.000000
0.990842 -0.107303 0.081967 0.000000 0.116350 0.986526 -0.115017 11.066900 -0.068521 0.123501 0.989976 0.000000 0.000000 0.000000 0.000000 1.000000
0.990390 -0.110681 0.082932 0.000000 0.120165 0.985502 -0.119778 11.066900 -0.068472 0.128593 0.989331 0.000000 0.000000 0.000000 0.000000 1.000000
0.989956 -0.113351 0.084487 0.000000 0.123328 0.984572 -0.124127 11.066900 -0.069113 0.133300 0.988663 -0.000000 0.000000 0.000000 0.000000 1.000000
0.989879 -0.113203 0.085587 0.000000 0.123474 0.984293 -0.126182 11.066900 -0.069958 0.135472 0.988308 0.000000 0.000000 0.000000 0.000000 1.000000
0.990093 -0.110443 0.086702 0.000000 0.120842 0.984689 -0.125636 11.066900 -0.071499 0.134869 0.988281 0.000000 0.000000 0.000000 0.000000 1.000000
0.990687 -0.104983 0.086711 0.000000 0.115146 0.985829 -0.121993 11.066900 -0.072675 0.130841 0.988736 0.000000 0.000000 0.000000 0.000000 1.000000
0.991305 -0.097676 0.088175 0.000000 0.107646 0.987341 -0.116487 11.066900 -0.075681 0.124965 0.989270 0.000000 0.000000 0.000000 0.000000 1.000000
0.991991 -0.089818 0.088805 0.000000 0.099341 0.989024 -0.109376 11.066900 -0.078006 0.117322 0.990026 0.000000 0.000000 0.000000 0.000000 1.000000
0.992449 -0.084216 0.089183 0.000000 0.093297 0.990287 -0.103088 11.066900 -0.079635 0.110630 0.990666 0.000000 0.000000 0.000000 0.000000 1.000000
0.992630 -0.081899 0.089320 -0.000000 0.090822 0.990744 -0.100884 11.066900 -0.080231 0.108253 0.990881 0.000000 0.000000 0.000000 0.000000 1.000000
0.992737 -0.081337 0.088642 -0.000000 0.090173 0.990821 -0.100714 11.066900 -0.079636 0.107975 0.990959 0.000000 0.000000 0.000000 0.000000 1.000000
0.992874 -0.081163 0.087253 0.000000 0.089845 0.990854 -0.100677 11.066900 -0.078284 0.107799 0.991086 0.000000 0.000000 0.000000 0.000000 1.000000
0.992934 -0.082184 0.085607 0.000000 0.090717 0.990733 -0.101088 11.066900 -0.076506 0.108139 0.991188 0.000000 0.000000 0.000000 0.000000 1.000000
0.992936 -0.083929 0.083875 0.000000 0.092320 0.990515 -0.101766 11.066900 -0.074539 0.108791 0.991266 -0.000000 0.000000 0.000000 0.000000 1.000000
0.992956 -0.084822 0.082722 0.000000 0.093099 0.990423 -0.101952 11.066900 -0.073282 0.108935 0.991344 0.000000 0.000000 0.000000 0.000000 1.000000
0.993089 -0.084459 0.081497 0.000000 0.092579 0.990507 -0.101615 11.066900 -0.072141 0.108457 0.991480 0.000000 0.000000 0.000000 0.000000 1.000000
0.993193 -0.084735 0.079925 0.000000 0.092714 0.990448 -0.102063 11.066900 -0.070513 0.108779 0.991562 0.000000 0.000000 0.000000 0.000000 1.000000</float_array>
        <technique_common>
          <accessor source="#mixamorig_Spine1-Matrix-animation-output-transform-array" count="31" stride="16">
            <param type="float4x4"/>
          </accessor>
        </technique_common>
      </source>
      <source id="mixamorig_Spine1-Interpolations">
        <Name_array id="mixamorig_Spine1-Interpolations-array" count="31">
 LINEAR LINEAR LINEAR LINEAR LINEAR LINEAR LINEAR LINEAR LINEAR LINEAR LINEAR
LINEAR LINEAR LINEAR LINEAR LINEAR LINEAR LINEAR LINEAR LINEAR LINEAR LINEAR LINEAR
LINEAR LINEAR LINEAR LINEAR LINEAR LINEAR LINEAR LINEAR</Name_array>
        <technique_common>
          <accessor source="#mixamorig_Spine1-Interpolations-array" count="31">
            <param type="name"/>
          </accessor>
        </technique_common>
      </source>
      <sampler id="mixamorig_Spine1-Matrix-animation-transform">
        <input semantic="INPUT" source="#mixamorig_Spine1-Matrix-animation-input"/>
        <input semantic="OUTPUT" source="#mixamorig_Spine1-Matrix-animation-output-transform"/>
        <input semantic="INTERPOLATION" source="#mixamorig_Spine1-Interpolations"/>
      </sampler>
      <channel source="#mixamorig_Spine1-Matrix-animation-transform" target="mixamorig_Spine1/matrix"/>
    </animation>
    <animation id="mixamorig_Spine2-anim" name="mixamorig_Spine2">
      <source id="mixamorig_Spine2-Matrix-animation-input">
        <float_array id="mixamorig_Spine2-Matrix-animation-input-array" count="31">

0.000000 0.033333 0.066667 0.100000 0.133333 0.166667 0.200000 0.233333 0.266667 0.300000 0.333333 0.366667 0.400000 0.433333 0.466667 0.500000
0.533333 0.566667 0.600000 0.633333 0.666667 0.700000 0.733333 0.766667 0.800000 0.833333 0.866667 0.900000 0.933333 0.966667 1.000000</float_array>
        <technique_common>
          <accessor source="#mixamorig_Spine2-Matrix-animation-input-array" count="31">
            <param name="TIME" type="float"/>
          </accessor>
        </technique_common>
      </source>
      <source id="mixamorig_Spine2-Matrix-animation-output-transform">
        <float_array id="mixamorig_Spine2-Matrix-animation-output-transform-array" count="496">

0.991761 -0.077397 0.102080 0.000000 0.104002 0.951710 -0.288844 8.141900 -0.074795 0.297080 0.951919 -0.000000 0.000000 0.000000 0.000000 1.000000
0.991811 -0.076994 0.101893 -0.000000 0.103540 0.951832 -0.288609 8.141900 -0.074764 0.296796 0.952010 0.000000 0.000000 0.000000 0.000000 1.000000
0.991728 -0.077786 0.102100 0.000000 0.104254 0.952171 -0.287229 8.141900 -0.074874 0.295498 0.952405 0.000000 0.000000 0.000000 0.000000 1.000000
0.991652 -0.078832 0.102041 0.000000 0.105160 0.952382 -0.286198 8.141900 -0.074620 0.294540 0.952722 -0.000000 0.000000 0.000000 0.000000 1.000000
0.991595 -0.079235 0.102284 0.000000 0.105525 0.952702 -0.284997 8.141900 -0.074865 0.293395 0.953056 0.000000 0.000000 0.000000 0.000000 1.000000
0.991511 -0.079589 0.102815 -0.000000 0.105924 0.953026 -0.283764 8.141900 -0.075401 0.292246 0.953366 0.000000 0.000000 0.000000 0.000000 1.000000
0.991496 -0.079659 0.102912 0.000000 0.105979 0.953178 -0.283232 8.141900 -0.075532 0.291729 0.953514 0.000000 0.000000 0.000000 0.000000 1.000000
0.991534 -0.079909 0.102349 -0.000000 0.106022 0.953291 -0.282835 8.141900 -0.074967 0.291292 0.953692 0.000000 0.000000 0.000000 0.000000 1.000000
0.991519 -0.079792 0.102585 -0.000000 0.105974 0.953314 -0.282775 8.141900 -0.075232 0.291248 0.953685 0.000000 0.000000 0.000000 0.000000 1.000000
0.991520 -0.079427 0.102854 0.000000 0.105764 0.953104 -0.283560 8.141900 -0.075508 0.292033 0.953423 0.000000 0.000000 0.000000 0.000000 1.000000
0.991396 -0.079593 0.103922 0.000000 0.106315 0.952762 -0.284504 8.141900 -0.076368 0.293105 0.953025 0.000000 0.000000 0.000000 0.000000 1.000000
0.991025 -0.082579 0.105124 0.000000 0.109711 0.951732 -0.286652 8.141900 -0.076378 0.295613 0.952250 0.000000 0.000000 0.000000 0.000000 1.000000
0.990259 -0.089152 0.106949 0.000000 0.116873 0.949722 -0.290463 8.141900 -0.075676 0.300133 0.950891 0.000000 0.000000 0.000000 0.000000 1.000000
0.989387 -0.096417 0.108708 0.000000 0.124772 0.947150 -0.295532 8.141900 -0.074469 0.305959 0.949128 0.000000 0.000000 0.000000 0.000000 1.000000
0.988910 -0.100009 0.109798 -0.000000 0.128816 0.945529 -0.298966 8.141900 -0.073918 0.309794 0.947926 -0.000000 0.000000 0.000000 0.000000 1.000000
0.988371 -0.103552 0.111358 0.000000 0.133017 0.943618 -0.303135 8.141900 -0.073689 0.314423 0.946419 0.000000 0.000000 0.000000 0.000000 1.000000
0.987843 -0.106365 0.113374 -0.000000 0.136640 0.941875 -0.306922 8.141900 -0.074138 0.318682 0.944958 0.000000 0.000000 0.000000 0.000000 1.000000
0.987748 -0.106303 0.114250 0.000000 0.137019 0.941179 -0.308882 8.141900 -0.074694 0.320752 0.944213 0.000000 0.000000 0.000000 0.000000 1.000000
0.988011 -0.103484 0.114563 -0.000000 0.134417 0.941624 -0.308669 8.141900 -0.075933 0.320367 0.944245 0.000000 0.000000 0.000000 0.000000 1.000000
0.988735 -0.097935 0.113193 0.000000 0.128463 0.943347 -0.305930 8.141900 -0.076819 0.317024 0.945301 0.000000 0.000000 0.000000 0.000000 1.000000
0.989496 -0.090183 0.112978 0.000000 0.120621 0.945822 -0.301449 8.141900 -0.079671 0.311910 0.946765 0.000000 0.000000 0.000000 0.000000 1.000000
0.990352 -0.081850 0.111816 0.000000 0.111780 0.948775 -0.295520 8.141900 -0.081899 0.305168 0.948770 0.000000 0.000000 0.000000 0.000000 1.000000
0.990929 -0.075792 0.110978 0.000000 0.105247 0.951173 -0.290159 8.141900 -0.083567 0.299207 0.950522 0.000000 0.000000 0.000000 0.000000 1.000000
0.991156 -0.073324 0.110600 0.000000 0.102601 0.952025 -0.288307 8.141900 -0.084155 0.297105 0.951129 0.000000 0.000000 0.000000 0.000000 1.000000
0.991287 -0.072819 0.109758 0.000000 0.101855 0.952130 -0.288227 8.141900 -0.083516 0.296895 0.951251 0.000000 0.000000 0.000000 0.000000 1.000000
0.991439 -0.072853 0.108357 0.000000 0.101465 0.952185 -0.288183 8.141900 -0.082181 0.296711 0.951425 -0.000000 0.000000 0.000000 0.000000 1.000000
0.991496 -0.074099 0.106984 0.000000 0.102264 0.952047 -0.288354 8.141900 -0.080487 0.296843 0.951528 0.000000 0.000000 0.000000 0.000000 1.000000
0.991479 -0.076103 0.105724 0.000000 0.103854 0.951716 -0.288878 8.141900 -0.078635 0.297396 0.951510 0.000000 0.000000 0.000000 0.000000 1.000000
0.991491 -0.077171 0.104837 0.000000 0.104617 0.951623 -0.288911 8.141900 -0.077470 0.297421 0.951598 0.000000 0.000000 0.000000 0.000000 1.000000
0.991638 -0.076991 0.103570 0.000000 0.104036 0.951791 -0.288566 8.141900 -0.076360 0.296928 0.951842 0.000000 0.000000 0.000000 0.000000 1.000000
0.991757 -0.077498 0.102040 0.000000 0.104096 0.951664 -0.288965 8.141900 -0.074714 0.297205 0.951886 0.000000 0.000000 0.000000 0.000000 1.000000</float_array>
        <technique_common>
          <accessor source="#mixamorig_Spine2-Matrix-animation-output-transform-array" count="31" stride="16">
            <param type="float4x4"/>
          </accessor>
        </technique_common>
      </source>
      <source id="mixamorig_Spine2-Interpolations">
        <Name_array id="mixamorig_Spine2-Interpolations-array" count="31">
 LINEAR LINEAR LINEAR LINEAR LINEAR LINEAR LINEAR LINEAR LINEAR LINEAR LINEAR
LINEAR LINEAR LINEAR LINEAR LINEAR LINEAR LINEAR LINEAR LINEAR LINEAR LINEAR LINEAR
LINEAR LINEAR LINEAR LINEAR LINEAR LINEAR LINEAR LINEAR</Name_array>
        <technique_common>
          <accessor source="#mixamorig_Spine2-Interpolations-array" count="31">
            <param type="name"/>
          </accessor>
        </technique_common>
      </source>
      <sampler id="mixamorig_Spine2-Matrix-animation-transform">
        <input semantic="INPUT" source="#mixamorig_Spine2-Matrix-animation-input"/>
        <input semantic="OUTPUT" source="#mixamorig_Spine2-Matrix-animation-output-transform"/>
        <input semantic="INTERPOLATION" source="#mixamorig_Spine2-Interpolations"/>
      </sampler>
      <channel source="#mixamorig_Spine2-Matrix-animation-transform" target="mixamorig_Spine2/matrix"/>
    </animation>
    <animation id="mixamorig_Neck-anim" name="mixamorig_Neck">
      <source id="mixamorig_Neck-Matrix-animation-input">
        <float_array id="mixamorig_Neck-Matrix-animation-input-array" count="31">

0.000000 0.033333 0.066667 0.100000 0.133333 0.166667 0.200000 0.233333 0.266667 0.300000 0.333333 0.366667 0.400000 0.433333 0.466667 0.500000
0.533333 0.566667 0.600000 0.633333 0.666667 0.700000 0.733333 0.766667 0.800000 0.833333 0.866667 0.900000 0.933333 0.966667 1.000000</float_array>
        <technique_common>
          <accessor source="#mixamorig_Neck-Matrix-animation-input-array" count="31">
            <param name="TIME" type="float"/>
          </accessor>
        </technique_common>
      </source>
      <source id="mixamorig_Neck-Matrix-animation-output-transform">
        <float_array id="mixamorig_Neck-Matrix-animation-output-transform-array" count="496">

0.999949 -0.008389 0.005684 -0.112200 0.007962 0.997416 0.071406 18.919500 -0.006268 -0.071357 0.997431 -3.736100 0.000000 0.000000 0.000000 1.000000
0.999965 -0.008362 0.000538 -0.112200 0.008309 0.997863 0.064804 18.919500 -0.001079 -0.064797 0.997898 -3.736100 0.000000 0.000000 0.000000 1.000000
0.999952 -0.008266 -0.005240 -0.112200 0.008555 0.998293 0.057772 18.919500 0.004753 -0.057815 0.998316 -3.736100 0.000000 0.000000 0.000000 1.000000
0.999904 -0.008086 -0.011244 -0.112200 0.008655 0.998633 0.051546 18.919500 0.010812 -0.051638 0.998607 -3.736100 0.000000 0.000000 0.000000 1.000000
0.999823 -0.007884 -0.017110 -0.112200 0.008687 0.998840 0.047360 18.919500 0.016717 -0.047500 0.998731 -3.736100 0.000000 0.000000 0.000000 1.000000
0.999717 -0.007714 -0.022493 -0.112200 0.008752 0.998884 0.046415 18.919500 0.022110 -0.046599 0.998669 -3.736100 0.000000 0.000000 0.000000 1.000000
0.999606 -0.007628 -0.027006 -0.112200 0.008925 0.998797 0.048226 18.919500 0.026606 -0.048448 0.998471 -3.736100 0.000000 0.000000 0.000000 1.000000
0.999518 -0.007618 -0.030095 -0.112200 0.009155 0.998642 0.051286 18.919500 0.029663 -0.051537 0.998230 -3.736100 0.000000 0.000000 0.000000 1.000000
0.999545 -0.007738 -0.029159 -0.112200 0.009332 0.998445 0.054956 18.919500 0.028688 -0.055203 0.998063 -3.736100 0.000000 0.000000 0.000000 1.000000
0.999601 -0.007870 -0.027141 -0.112200 0.009456 0.998225 0.058798 18.919500 0.026630 -0.059031 0.997901 -3.736100 0.000000 0.000000 0.000000 1.000000
0.999673 -0.007999 -0.024306 -0.112200 0.009506 0.997997 0.062542 18.919500 0.023757 -0.062752 0.997746 -3.736100 0.000000 0.000000 0.000000 1.000000
0.999751 -0.008103 -0.020769 -0.112200 0.009458 0.997776 0.065989 18.919500 0.020188 -0.066169 0.997604 -3.736100 0.000000 0.000000 0.000000 1.000000
0.999828 -0.008190 -0.016639 -0.112200 0.009318 0.997580 0.068900 18.919500 0.016034 -0.069043 0.997485 -3.736100 0.000000 0.000000 0.000000 1.000000
0.999893 -0.008247 -0.012088 -0.112200 0.009086 0.997430 0.071065 18.919500 0.011471 -0.071167 0.997398 -3.736100 0.000000 0.000000 0.000000 1.000000
0.999939 -0.008285 -0.007312 -0.112200 0.008792 0.997351 0.072207 18.919500 0.006694 -0.072266 0.997363 -3.736100 0.000000 0.000000 0.000000 1.000000
0.999963 -0.008321 -0.002316 -0.112200 0.008466 0.997362 0.072087 18.919500 0.001710 -0.072104 0.997396 -3.736100 0.000000 0.000000 0.000000 1.000000
0.999961 -0.008373 0.002797 -0.112200 0.008158 0.997540 0.069629 18.919500 -0.003373 -0.069604 0.997569 -3.736100 0.000000 0.000000 0.000000 1.000000
0.999934 -0.008476 0.007700 -0.112200 0.007955 0.997833 0.065316 18.919500 -0.008237 -0.065251 0.997835 -3.736100 0.000000 0.000000 0.000000 1.000000
0.999887 -0.008636 0.012319 -0.112200 0.007877 0.998147 0.060342 18.919500 -0.012817 -0.060238 0.998102 -3.736100 0.000000 0.000000 0.000000 1.000000
0.999824 -0.008817 0.016578 -0.112200 0.007879 0.998407 0.055862 18.919500 -0.017044 -0.055721 0.998301 -3.736100 0.000000 0.000000 0.000000 1.000000
0.999752 -0.008991 0.020387 -0.112200 0.007901 0.998567 0.052931 18.919500 -0.020834 -0.052757 0.998390 -3.736100 0.000000 0.000000 0.000000 1.000000
0.999677 -0.009135 0.023703 -0.112200 0.007905 0.998643 0.051483 18.919500 -0.024141 -0.051279 0.998393 -3.736100 0.000000 0.000000 0.000000 1.000000
0.999607 -0.009219 0.026462 -0.112200 0.007838 0.998626 0.051820 18.919500 -0.026903 -0.051592 0.998306 -3.736100 0.000000 0.000000 0.000000 1.000000
0.999567 -0.009214 0.027937 -0.112200 0.007704 0.998530 0.053653 18.919500 -0.028390 -0.053414 0.998169 -3.736100 0.000000 0.000000 0.000000 1.000000
0.999614 -0.009089 0.026262 -0.112200 0.007603 0.998394 0.056134 18.919500 -0.026730 -0.055913 0.998078 -3.736100 0.000000 0.000000 0.000000 1.000000
0.999680 -0.008934 0.023679 -0.112200 0.007528 0.998240 0.058822 18.919500 -0.024163 -0.058624 0.997988 -3.736100 0.000000 0.000000 0.000000 1.000000
0.999748 -0.008807 0.020633 -0.112200 0.007528 0.998094 0.061249 18.919500 -0.021133 -0.061078 0.997909 -3.736100 0.000000 0.000000 0.000000 1.000000
0.999814 -0.008674 0.017235 -0.112200 0.007559 0.997939 0.063721 18.919500 -0.017752 -0.063579 0.997819 -3.736100 0.000000 0.000000 0.000000 1.000000
0.999871 -0.008560 0.013571 -0.112200 0.007642 0.997772 0.066272 18.919500 -0.014108 -0.066160 0.997709 -3.736100 0.000000 0.000000 0.000000 1.000000
0.999917 -0.008464 0.009702 -0.112200 0.007776 0.997595 0.068870 18.919500 -0.010262 -0.068789 0.997578 -3.736100 0.000000 0.000000 0.000000 1.000000
0.999949 -0.008390 0.005684 -0.112200 0.007963 0.997416 0.071400 18.919500 -0.006268 -0.071351 0.997432 -3.736100 0.000000 0.000000 0.000000 1.000000</float_array>
        <technique_common>
          <accessor source="#mixamorig_Neck-Matrix-animation-output-transform-array" count="31" stride="16">
            <param type="float4x4"/>
          </accessor>
        </technique_common>
      </source>
      <source id="mixamorig_Neck-Interpolations">
        <Name_array id="mixamorig_Neck-Interpolations-array" count="31">
 LINEAR LINEAR LINEAR LINEAR LINEAR LINEAR LINEAR LINEAR LINEAR LINEAR LINEAR
LINEAR LINEAR LINEAR LINEAR LINEAR LINEAR LINEAR LINEAR LINEAR LINEAR LINEAR LINEAR
LINEAR LINEAR LINEAR LINEAR LINEAR LINEAR LINEAR LINEAR</Name_array>
        <technique_common>
          <accessor source="#mixamorig_Neck-Interpolations-array" count="31">
            <param type="name"/>
          </accessor>
        </technique_common>
      </source>
      <sampler id="mixamorig_Neck-Matrix-animation-transform">
        <input semantic="INPUT" source="#mixamorig_Neck-Matrix-animation-input"/>
        <input semantic="OUTPUT" source="#mixamorig_Neck-Matrix-animation-output-transform"/>
        <input semantic="INTERPOLATION" source="#mixamorig_Neck-Interpolations"/>
      </sampler>
      <channel source="#mixamorig_Neck-Matrix-animation-transform" target="mixamorig_Neck/matrix"/>
    </animation>
    <animation id="mixamorig_Head-anim" name="mixamorig_Head">
      <source id="mixamorig_Head-Matrix-animation-input">
        <float_array id="mixamorig_Head-Matrix-animation-input-array" count="31">

0.000000 0.033333 0.066667 0.100000 0.133333 0.166667 0.200000 0.233333 0.266667 0.300000 0.333333 0.366667 0.400000 0.433333 0.466667 0.500000
0.533333 0.566667 0.600000 0.633333 0.666667 0.700000 0.733333 0.766667 0.800000 0.833333 0.866667 0.900000 0.933333 0.966667 1.000000</float_array>
        <technique_common>
          <accessor source="#mixamorig_Head-Matrix-animation-input-array" count="31">
            <param name="TIME" type="float"/>
          </accessor>
        </technique_common>
      </source>
      <source id="mixamorig_Head-Matrix-animation-output-transform">
        <float_array id="mixamorig_Head-Matrix-animation-output-transform-array" count="496">

0.899897 0.271948 0.340925 0.000000 -0.288554 0.957461 -0.002085 8.673000 -0.326990 -0.096499 0.940088 3.319300 0.000000 0.000000 0.000000 1.000000
0.905975 0.268092 0.327622 0.000000 -0.284617 0.958638 0.002601 8.673000 -0.313373 -0.095603 0.944805 3.319300 0.000000 0.000000 0.000000 1.000000
0.914685 0.260955 0.308633 -0.000000 -0.279100 0.960139 0.015345 8.673000 -0.292326 -0.100175 0.951058 3.319300 0.000000 0.000000 0.000000 1.000000
0.923748 0.252038 0.288385 0.000000 -0.270995 0.962199 0.027120 8.673000 -0.270649 -0.103203 0.957130 3.319300 0.000000 0.000000 0.000000 1.000000
0.931700 0.242338 0.270570 -0.000000 -0.260305 0.964994 0.032048 8.673000 -0.253332 -0.100290 0.962167 3.319300 0.000000 0.000000 0.000000 1.000000
0.938232 0.232905 0.255882 -0.000000 -0.249268 0.967871 0.033022 8.673000 -0.239969 -0.094766 0.966144 3.319300 0.000000 0.000000 0.000000 1.000000
0.942886 0.224628 0.245984 0.000000 -0.239387 0.970415 0.031435 8.673000 -0.231646 -0.088525 0.968764 3.319300 0.000000 0.000000 0.000000 1.000000
0.945839 0.218264 0.240313 0.000000 -0.232135 0.972201 0.030651 8.673000 -0.226942 -0.084776 0.970211 3.319300 0.000000 0.000000 0.000000 1.000000
0.946357 0.213568 0.242482 0.000000 -0.228611 0.972876 0.035355 8.673000 -0.228354 -0.088892 0.969511 3.319300 0.000000 0.000000 0.000000 1.000000
0.945370 0.212985 0.246805 -0.000000 -0.229474 0.972503 0.039746 8.673000 -0.231554 -0.094210 0.968250 3.319300 0.000000 0.000000 0.000000 1.000000
0.942813 0.217023 0.252993 -0.000000 -0.235221 0.970960 0.043671 8.673000 -0.236168 -0.100683 0.966482 3.319300 0.000000 0.000000 0.000000 1.000000
0.938662 0.224898 0.261409 -0.000000 -0.244822 0.968481 0.045891 8.673000 -0.242849 -0.107075 0.964137 3.319300 0.000000 0.000000 0.000000 1.000000
0.933132 0.235604 0.271579 0.000000 -0.257101 0.965291 0.045964 8.673000 -0.251323 -0.112714 0.961318 3.319300 0.000000 0.000000 0.000000 1.000000
0.926559 0.248029 0.282789 0.000000 -0.270861 0.961609 0.044069 8.673000 -0.261002 -0.117429 0.958169 3.319300 0.000000 0.000000 0.000000 1.000000
0.919396 0.261200 0.294083 -0.000000 -0.284989 0.957680 0.040370 8.673000 -0.271093 -0.120927 0.954927 3.319300 0.000000 0.000000 0.000000 1.000000
0.912131 0.273330 0.305464 -0.000000 -0.297697 0.954008 0.035290 8.673000 -0.281770 -0.123124 0.951549 3.319300 0.000000 0.000000 0.000000 1.000000
0.905433 0.282809 0.316558 0.000000 -0.307739 0.950978 0.030616 8.673000 -0.292382 -0.125138 0.948079 3.319300 0.000000 0.000000 0.000000 1.000000
0.900004 0.288841 0.326440 -0.000000 -0.313615 0.949228 0.024748 8.673000 -0.302718 -0.124650 0.944894 3.319300 0.000000 0.000000 0.000000 1.000000
0.896243 0.291217 0.334575 -0.000000 -0.315217 0.948839 0.018510 8.673000 -0.312068 -0.122054 0.942187 3.319300 0.000000 0.000000 0.000000 1.000000
0.894867 0.289217 0.339950 0.000000 -0.311916 0.950023 0.012826 8.673000 -0.319251 -0.117514 0.940356 3.319300 0.000000 0.000000 0.000000 1.000000
0.895253 0.283104 0.344055 0.000000 -0.304050 0.952628 0.007291 8.673000 -0.325693 -0.111137 0.938921 3.319300 0.000000 0.000000 0.000000 1.000000
0.896418 0.275165 0.347447 0.000000 -0.294061 0.955785 0.001735 8.673000 -0.331608 -0.103726 0.937698 3.319300 0.000000 0.000000 0.000000 1.000000
0.897614 0.267077 0.350656 0.000000 -0.284470 0.958683 -0.001990 8.673000 -0.336699 -0.097965 0.936502 3.319300 0.000000 0.000000 0.000000 1.000000
0.898346 0.260757 0.353526 0.000000 -0.277299 0.960775 -0.004013 8.673000 -0.340706 -0.094427 0.935416 3.319300 0.000000 0.000000 0.000000 1.000000
0.898628 0.257937 0.354874 -0.000000 -0.273398 0.961877 -0.006820 8.673000 -0.343104 -0.090893 0.934889 3.319300 0.000000 0.000000 0.000000 1.000000
0.898227 0.259725 0.354584 -0.000000 -0.273973 0.961681 -0.010386 8.673000 -0.343695 -0.087818 0.934966 3.319300 0.000000 0.000000 0.000000 1.000000
0.897462 0.264407 0.353058 -0.000000 -0.277347 0.960661 -0.014437 8.673000 -0.342987 -0.084963 0.935490 3.319300 0.000000 0.000000 0.000000 1.000000
0.896568 0.269643 0.351367 0.000000 -0.281737 0.959336 -0.017310 8.673000 -0.341747 -0.083474 0.936078 3.319300 0.000000 0.000000 0.000000 1.000000
0.895992 0.273666 0.349721 -0.000000 -0.285767 0.958137 -0.017625 8.673000 -0.339904 -0.084147 0.936688 3.319300 0.000000 0.000000 0.000000 1.000000
0.896800 0.274830 0.346724 0.000000 -0.288315 0.957445 -0.013192 8.673000 -0.335595 -0.088135 0.937874 3.319300 0.000000 0.000000 0.000000 1.000000
0.899892 0.271954 0.340932 0.000000 -0.288552 0.957462 -0.002111 8.673000 -0.327004 -0.096477 0.940086 3.319300 0.000000 0.000000 0.000000 1.000000</float_array>
        <technique_common>
          <accessor source="#mixamorig_Head-Matrix-animation-output-transform-array" count="31" stride="16">
