<?xml version="1.0" encoding="utf-8"?>
<COLLADA xmlns="http://www.collada.org/2005/11/COLLADASchema" version="1.4.1">
  <asset>
    <contributor>
      <author>Mixamo</author>
      <authoring_tool>COLLADA Mixamo exporter</authoring_tool>
      <comments/>
    </contributor>
    <created>2024-06-04T21:06:27Z</created>
    <modified>2024-06-04T21:06:27Z</modified>
    <revision/>
    <title/>
    <unit meter="0.010000"/>
    <up_axis>Y_UP</up_axis>
  </asset>
  <library_animations>
    <animation id="mixamorig_Hips-anim" name="mixamorig_Hips">
      <source id="mixamorig_Hips-Matrix-animation-input">
        <float_array id="mixamorig_Hips-Matrix-animation-input-array" count="31">

0.000000 0.033333 0.066667 0.100000 0.133333 0.166667 0.200000 0.233333 0.266667 0.300000 0.333333 0.366667 0.400000 0.433333 0.466667 0.500000
0.533333 0.566667 0.600000 0.633333 0.666667 0.700000 0.733333 0.766667 0.800000 0.833333 0.866667 0.900000 0.933333 0.966667 1.000000</float_array>
        <technique_common>
          <accessor source="#mixamorig_Hips-Matrix-animation-input-array" count="31">
            <param name="TIME" type="float"/>
          </accessor>
        </technique_common>
      </source>
      <source id="mixamorig_Hips-Matrix-animation-output-transform">
        <float_array id="mixamorig_Hips-Matrix-animation-output-transform-array" count="496">

0.662520 -0.062690 -0.746417 -1.576005 0.054129 0.997893 -0.035766 90.113068 0.747086 -0.016707 0.664517 1.300041 0.000000 0.000000 0.000000 1.000000
0.680414 -0.062598 -0.730150 -2.706192 0.049828 0.997991 -0.039127 90.654572 0.731132 -0.009760 0.682166 1.284964 0.000000 0.000000 0.000000 1.000000
0.698044 -0.064244 -0.713167 -3.522078 0.047964 0.997925 -0.042949 90.667358 0.714447 -0.004226 0.699677 1.342059 0.000000 0.000000 0.000000 1.000000
0.715118 -0.067272 -0.695760 -4.449388 0.048214 0.997735 -0.046914 89.883057 0.697339 0.000004 0.716741 1.476372 0.000000 0.000000 0.000000 1.000000
0.731421 -0.072369 -0.678076 -5.568380 0.051697 0.997376 -0.050682 88.816490 0.679964 0.002016 0.733242 1.653443 0.000000 0.000000 0.000000 1.000000
0.746820 -0.078606 -0.660365 -6.623188 0.057251 0.996903 -0.053919 87.095154 0.662558 0.002461 0.749007 1.867363 0.000000 0.000000 0.000000 1.000000
0.761407 -0.083204 -0.642913 -7.635115 0.061363 0.996527 -0.056295 85.026459 0.645363 0.003412 0.763868 2.139781 0.000000 0.000000 0.000000 1.000000
0.775113 -0.085042 -0.626073 -8.042707 0.062942 0.996364 -0.057415 83.210495 0.628680 0.005097 0.777647 2.481543 0.000000 0.000000 0.000000 1.000000
0.786611 -0.083678 -0.611753 -7.254926 0.063103 0.996481 -0.055162 82.467216 0.614216 0.004788 0.789123 2.866052 0.000000 0.000000 0.000000 1.000000
0.781178 -0.077889 -0.619430 -5.724358 0.057241 0.996943 -0.053171 83.274712 0.621678 0.006079 0.783249 3.294264 0.000000 0.000000 0.000000 1.000000
0.756843 -0.069029 -0.649942 -3.862209 0.047956 0.997592 -0.050107 84.763916 0.651836 0.006755 0.758330 3.719129 0.000000 0.000000 0.000000 1.000000
0.733069 -0.060281 -0.677478 -2.922423 0.040281 0.998164 -0.045229 85.785583 0.678961 0.005867 0.734151 4.106661 0.000000 0.000000 0.000000 1.000000
0.708593 -0.051867 -0.703709 -2.578725 0.033702 0.998644 -0.039670 86.630959 0.704812 0.004393 0.709380 4.464177 0.000000 0.000000 0.000000 1.000000
0.683410 -0.045081 -0.728641 -2.807905 0.030361 0.998983 -0.033330 87.550423 0.729403 0.000656 0.684084 4.755775 0.000000 0.000000 0.000000 1.000000
0.657467 -0.039657 -0.752439 -3.473083 0.030301 0.999198 -0.026186 88.668030 0.752874 -0.005583 0.658141 4.961732 0.000000 0.000000 0.000000 1.000000
0.630504 -0.034289 -0.775429 -4.098121 0.031512 0.999331 -0.018568 89.614395 0.775546 -0.012729 0.631162 5.086379 0.000000 0.000000 0.000000 1.000000
0.602400 -0.027098 -0.797735 -4.639159 0.030848 0.999467 -0.010657 90.102577 0.797598 -0.018189 0.602915 5.146358 0.000000 0.000000 0.000000 1.000000
0.572922 -0.018198 -0.819408 -5.102919 0.027983 0.999605 -0.002634 90.262512 0.819132 -0.021421 0.573204 5.150766 0.000000 0.000000 0.000000 1.000000
0.542308 -0.008685 -0.840135 -5.622103 0.024258 0.999692 0.005324 89.981148 0.839830 -0.023267 0.542351 5.075634 0.000000 0.000000 0.000000 1.000000
0.509755 0.001283 -0.860319 -6.155331 0.019438 0.999726 0.013008 89.170280 0.860100 -0.023354 0.509590 4.896467 0.000000 0.000000 0.000000 1.000000
0.474998 0.011394 -0.879913 -6.718851 0.013475 0.999705 0.020219 87.761818 0.879884 -0.021461 0.474705 4.624502 0.000000 0.000000 0.000000 1.000000
0.437693 0.020926 -0.898881 -7.326464 0.007125 0.999617 0.026741 86.126762 0.899096 -0.018109 0.437376 4.271780 0.000000 0.000000 0.000000 1.000000
0.397718 0.029185 -0.917043 -7.899808 0.001236 0.999476 0.032344 84.621780 0.917507 -0.013997 0.397473 3.851030 0.000000 0.000000 0.000000 1.000000
0.350942 0.033978 -0.935781 -8.184181 -0.001618 0.999362 0.035679 83.524399 0.936396 -0.011007 0.350773 3.351870 0.000000 0.000000 0.000000 1.000000
0.354524 0.031349 -0.934521 -8.059470 0.000587 0.999430 0.033750 83.037491 0.935047 -0.012513 0.354304 2.865757 0.000000 0.000000 0.000000 1.000000
0.398649 0.018778 -0.916911 -7.905203 0.007464 0.999691 0.023718 83.159843 0.917073 -0.016299 0.398386 2.405568 0.000000 0.000000 0.000000 1.000000
0.449658 0.003128 -0.893195 -7.009930 0.016219 0.999800 0.011666 83.981339 0.893053 -0.019733 0.449518 1.986636 0.000000 0.000000 0.000000 1.000000
0.505171 -0.014527 -0.862897 -5.825068 0.026619 0.999645 -0.001246 85.284302 0.862609 -0.022340 0.505378 1.669217 0.000000 0.000000 0.000000 1.000000
0.561218 -0.031876 -0.827054 -4.504439 0.036164 0.999248 -0.013973 86.876144 0.826878 -0.022068 0.561949 1.464899 0.000000 0.000000 0.000000 1.000000
0.614439 -0.047922 -0.787508 -3.064468 0.044965 0.998658 -0.025687 88.589417 0.787682 -0.019627 0.615769 1.342645 0.000000 0.000000 0.000000 1.000000
0.662520 -0.062690 -0.746417 -1.575994 0.054130 0.997893 -0.035766 90.113129 0.747086 -0.016708 0.664517 1.299058 0.000000 0.000000 0.000000 1.000000</float_array>
        <technique_common>
          <accessor source="#mixamorig_Hips-Matrix-animation-output-transform-array" count="31" stride="16">
            <param type="float4x4"/>
          </accessor>
        </technique_common>
      </source>
      <source id="mixamorig_Hips-Interpolations">
        <Name_array id="mixamorig_Hips-Interpolations-array" count="31">
 LINEAR LINEAR LINEAR LINEAR LINEAR LINEAR LINEAR LINEAR LINEAR LINEAR LINEAR
LINEAR LINEAR LINEAR LINEAR LINEAR LINEAR LINEAR LINEAR LINEAR LINEAR LINEAR LINEAR
LINEAR LINEAR LINEAR LINEAR LINEAR LINEAR LINEAR LINEAR</Name_array>
        <technique_common>
          <accessor source="#mixamorig_Hips-Interpolations-array" count="31">
            <param type="name"/>
          </accessor>
        </technique_common>
      </source>
      <sampler id="mixamorig_Hips-Matrix-animation-transform">
        <input semantic="INPUT" source="#mixamorig_Hips-Matrix-animation-input"/>
        <input semantic="OUTPUT" source="#mixamorig_Hips-Matrix-animation-output-transform"/>
        <input semantic="INTERPOLATION" source="#mixamorig_Hips-Interpolations"/>
      </sampler>
      <channel source="#mixamorig_Hips-Matrix-animation-transform" target="mixamorig_Hips/matrix"/>
    </animation>
    <animation id="mixamorig_Spine-anim" name="mixamorig_Spine">
      <source id="mixamorig_Spine-Matrix-animation-input">
        <float_array id="mixamorig_Spine-Matrix-animation-input-array" count="31">

0.000000 0.033333 0.066667 0.100000 0.133333 0.166667 0.200000 0.233333 0.266667 0.300000 0.333333 0.366667 0.400000 0.433333 0.466667 0.500000
0.533333 0.566667 0.600000 0.633333 0.666667 0.700000 0.733333 0.766667 0.800000 0.833333 0.866667 0.900000 0.933333 0.966667 1.000000</float_array>
        <technique_common>
          <accessor source="#mixamorig_Spine-Matrix-animation-input-array" count="31">
            <param name="TIME" type="float"/>
          </accessor>
        </technique_common>
      </source>
      <source id="mixamorig_Spine-Matrix-animation-output-transform">
        <float_array id="mixamorig_Spine-Matrix-animation-output-transform-array" count="496">

0.997728 0.066832 0.008504 0.004700 -0.067236 0.995747 0.062993 5.245300 -0.004257 -0.063422 0.997978 0.258800 0.000000 0.000000 0.000000 1.000000
0.997924 0.064219 -0.004792 0.004700 -0.063776 0.995865 0.064690 5.245300 0.008927 -0.064250 0.997894 0.258800 0.000000 0.000000 0.000000 1.000000
0.997801 0.063700 -0.018309 0.004700 -0.062347 0.995816 0.066813 5.245300 0.022488 -0.065525 0.997598 0.258800 0.000000 0.000000 0.000000 1.000000
0.997355 0.065381 -0.031767 0.004700 -0.063064 0.995611 0.069154 5.245300 0.036149 -0.066968 0.997100 0.258800 0.000000 0.000000 0.000000 1.000000
0.996532 0.070383 -0.044399 0.004700 -0.067093 0.995169 0.071670 5.245300 0.049228 -0.068442 0.996440 0.258800 0.000000 0.000000 0.000000 1.000000
0.995366 0.077643 -0.056725 0.004700 -0.073369 0.994563 0.073898 5.245300 0.062154 -0.069394 0.995651 0.258800 0.000000 0.000000 0.000000 1.000000
0.994199 0.083406 -0.067913 0.004700 -0.078243 0.994076 0.075438 5.245300 0.073803 -0.069686 0.994835 0.258800 0.000000 0.000000 0.000000 1.000000
0.992943 0.089556 -0.077737 0.004700 -0.083473 0.993432 0.078266 5.245300 0.084236 -0.071225 0.993897 0.258800 0.000000 0.000000 0.000000 1.000000
0.992128 0.094033 -0.082701 0.004700 -0.087449 0.992957 0.079932 5.245300 0.089635 -0.072070 0.993364 0.258800 0.000000 0.000000 0.000000 1.000000
0.993136 0.089366 -0.075464 0.004700 -0.083452 0.993440 0.078179 5.245300 0.081956 -0.071345 0.994079 0.258800 0.000000 0.000000 0.000000 1.000000
0.995140 0.076256 -0.062295 0.004700 -0.071563 0.994659 0.074380 5.245300 0.067634 -0.069560 0.995282 0.258800 0.000000 0.000000 0.000000 1.000000
0.996412 0.070070 -0.047463 0.004700 -0.066575 0.995210 0.071592 5.245300 0.052252 -0.068175 0.996304 0.258800 0.000000 0.000000 0.000000 1.000000
0.997283 0.066281 -0.032151 0.004700 -0.063960 0.995598 0.068509 5.245300 0.036550 -0.066267 0.997132 0.258800 0.000000 0.000000 0.000000 1.000000
0.997532 0.068491 -0.015429 0.004700 -0.067375 0.995678 0.063929 5.245300 0.019741 -0.062732 0.997835 0.258800 0.000000 0.000000 0.000000 1.000000
0.997105 0.075965 0.003159 0.004700 -0.076018 0.995340 0.059331 5.245300 0.001363 -0.059400 0.998233 0.258800 0.000000 0.000000 0.000000 1.000000
0.996070 0.085505 0.023108 0.004700 -0.086655 0.994748 0.054469 5.245300 -0.018330 -0.056258 0.998248 0.258800 0.000000 0.000000 0.000000 1.000000
0.994778 0.092090 0.044000 0.004700 -0.094240 0.994315 0.049564 5.245300 -0.039186 -0.053452 0.997801 0.258800 0.000000 0.000000 0.000000 1.000000
0.993238 0.096017 0.065258 0.004700 -0.098968 0.994136 0.043580 5.245300 -0.060691 -0.049744 0.996916 0.258800 0.000000 0.000000 0.000000 1.000000
0.991516 0.097920 0.085480 0.004700 -0.101402 0.994143 0.037389 5.245300 -0.081318 -0.045740 0.995638 0.258800 0.000000 0.000000 0.000000 1.000000
0.989761 0.096613 0.105062 0.004700 -0.100310 0.994489 0.030479 5.245300 -0.101539 -0.040706 0.993998 0.258800 0.000000 0.000000 0.000000 1.000000
0.988014 0.090567 0.125004 0.004700 -0.094349 0.995234 0.024660 5.245300 -0.122175 -0.036158 0.991850 0.258800 0.000000 0.000000 0.000000 1.000000
0.986216 0.079210 0.145273 0.004700 -0.082882 0.996371 0.019386 5.245300 -0.143210 -0.031159 0.989202 0.258800 0.000000 0.000000 0.000000 1.000000
0.984738 0.063136 0.162190 0.004700 -0.066650 0.997643 0.016313 5.245300 -0.160778 -0.026874 0.986625 0.258800 0.000000 0.000000 0.000000 1.000000
0.984220 0.040570 0.172234 0.004700 -0.043548 0.998959 0.013550 5.245300 -0.171505 -0.020837 0.984963 0.258800 0.000000 0.000000 0.000000 1.000000
0.985589 0.038023 0.164830 0.004700 -0.041103 0.999038 0.015312 5.245300 -0.164090 -0.021866 0.986203 0.258800 0.000000 0.000000 0.000000 1.000000
0.988545 0.046689 0.143523 0.004700 -0.050123 0.998535 0.020403 5.245300 -0.142360 -0.027363 0.989437 0.258800 0.000000 0.000000 0.000000 1.000000
0.991569 0.053902 0.117838 0.004700 -0.057494 0.997973 0.027297 5.245300 -0.116128 -0.033842 0.992658 0.258800 0.000000 0.000000 0.000000 1.000000
0.994133 0.059229 0.090503 0.004700 -0.062726 0.997371 0.036295 5.245300 -0.088116 -0.041759 0.995235 0.258800 0.000000 0.000000 0.000000 1.000000
0.996180 0.061887 0.061606 0.004700 -0.064746 0.996862 0.045543 5.245300 -0.058594 -0.049358 0.997061 0.258800 0.000000 0.000000 0.000000 1.000000
0.997375 0.064198 0.033496 0.004700 -0.065986 0.996287 0.055300 5.245300 -0.029821 -0.057365 0.997908 0.258800 0.000000 0.000000 0.000000 1.000000
0.997723 0.066907 0.008456 0.004700 -0.067308 0.995744 0.062950 5.245300 -0.004208 -0.063376 0.997981 0.258800 0.000000 0.000000 0.000000 1.000000</float_array>
        <technique_common>
          <accessor source="#mixamorig_Spine-Matrix-animation-output-transform-array" count="31" stride="16">
            <param type="float4x4"/>
          </accessor>
        </technique_common>
      </source>
      <source id="mixamorig_Spine-Interpolations">
        <Name_array id="mixamorig_Spine-Interpolations-array" count="31">
 LINEAR LINEAR LINEAR LINEAR LINEAR LINEAR LINEAR LINEAR LINEAR LINEAR LINEAR
LINEAR LINEAR LINEAR LINEAR LINEAR LINEAR LINEAR LINEAR LINEAR LINEAR LINEAR LINEAR
LINEAR LINEAR LINEAR LINEAR LINEAR LINEAR LINEAR LINEAR</Name_array>
        <technique_common>
          <accessor source="#mixamorig_Spine-Interpolations-array" count="31">
            <param type="name"/>
          </accessor>
        </technique_common>
      </source>
      <sampler id="mixamorig_Spine-Matrix-animation-transform">
        <input semantic="INPUT" source="#mixamorig_Spine-Matrix-animation-input"/>
        <input semantic="OUTPUT" source="#mixamorig_Spine-Matrix-animation-output-transform"/>
        <input semantic="INTERPOLATION" source="#mixamorig_Spine-Interpolations"/>
      </sampler>
      <channel source="#mixamorig_Spine-Matrix-animation-transform" target="mixamorig_Spine/matrix"/>
    </animation>
    <animation id="mixamorig_Spine1-anim" name="mixamorig_Spine1">
      <source id="mixamorig_Spine1-Matrix-animation-input">
        <float_array id="mixamorig_Spine1-Matrix-animation-input-array" count="31">

0.000000 0.033333 0.066667 0.100000 0.133333 0.166667 0.200000 0.233333 0.266667 0.300000 0.333333 0.366667 0.400000 0.433333 0.466667 0.500000
0.533333 0.566667 0.600000 0.633333 0.666667 0.700000 0.733333 0.766667 0.800000 0.833333 0.866667 0.900000 0.933333 0.966667 1.000000</float_array>
        <technique_common>
          <accessor source="#mixamorig_Spine1-Matrix-animation-input-array" count="31">
            <param name="TIME" type="float"/>
          </accessor>
        </technique_common>
      </source>
      <source id="mixamorig_Spine1-Matrix-animation-output-transform">
        <float_array id="mixamorig_Spine1-Matrix-animation-output-transform-array" count="496">

0.980597 -0.066033 0.184577 0.000000 0.120453 0.945807 -0.301562 11.066900 -0.154661 0.317943 0.935410 0.000000 0.000000 0.000000 0.000000 1.000000
0.980648 -0.065770 0.184403 0.000000 0.120153 0.945824 -0.301630 11.066900 -0.154575 0.317949 0.935422 0.000000 0.000000 0.000000 0.000000 1.000000
0.980650 -0.065894 0.184348 0.000000 0.120396 0.945520 -0.302485 11.066900 -0.154372 0.318826 0.935157 0.000000 0.000000 0.000000 0.000000 1.000000
0.980708 -0.066061 0.183979 0.000000 0.120571 0.945234 -0.303307 11.066900 -0.153867 0.319638 0.934964 -0.000000 0.000000 0.000000 0.000000 1.000000
0.980610 -0.066268 0.184425 0.000000 0.121103 0.944804 -0.304433 11.066900 -0.154071 0.320864 0.934510 0.000000 0.000000 0.000000 0.000000 1.000000
0.980616 -0.066372 0.184354 0.000000 0.121278 0.944590 -0.305026 11.066900 -0.153894 0.321471 0.934330 0.000000 0.000000 0.000000 0.000000 1.000000
0.980489 -0.065450 0.185361 0.000000 0.120616 0.944884 -0.304378 11.066900 -0.155223 0.320796 0.934342 0.000000 0.000000 0.000000 0.000000 1.000000
0.980219 -0.066469 0.186418 0.000000 0.122086 0.944428 -0.305206 11.066900 -0.155772 0.321928 0.933862 0.000000 0.000000 0.000000 0.000000 1.000000
0.980677 -0.067481 0.183629 -0.000000 0.122279 0.944118 -0.306087 11.066900 -0.152713 0.322626 0.934126 0.000000 0.000000 0.000000 0.000000 1.000000
0.980972 -0.066011 0.182582 0.000000 0.120476 0.944431 -0.305837 11.066900 -0.152247 0.322014 0.934413 0.000000 0.000000 0.000000 0.000000 1.000000
0.980354 -0.059487 0.188063 -0.000000 0.115874 0.945264 -0.305040 11.066900 -0.159624 0.320839 0.933586 0.000000 0.000000 0.000000 0.000000 1.000000
0.980167 -0.056539 0.189935 -0.000000 0.113535 0.945762 -0.304376 11.066900 -0.162424 0.319904 0.933424 0.000000 0.000000 0.000000 0.000000 1.000000
0.980297 -0.054140 0.189966 0.000000 0.111135 0.946223 -0.303827 11.066900 -0.163301 0.318953 0.933596 0.000000 0.000000 0.000000 0.000000 1.000000
0.980567 -0.054112 0.188574 0.000000 0.110322 0.946921 -0.301942 11.066900 -0.162226 0.316878 0.934490 0.000000 0.000000 0.000000 0.000000 1.000000
0.980909 -0.055218 0.186465 0.000000 0.110399 0.947471 -0.300186 11.066900 -0.160095 0.315040 0.935478 0.000000 0.000000 0.000000 0.000000 1.000000
0.981076 -0.058024 0.184724 0.000000 0.112285 0.947732 -0.298657 11.066900 -0.157740 0.313747 0.936313 0.000000 0.000000 0.000000 0.000000 1.000000
0.981068 -0.060116 0.184098 0.000000 0.113997 0.947727 -0.298025 11.066900 -0.156558 0.313369 0.936637 0.000000 0.000000 0.000000 0.000000 1.000000
0.980953 -0.062391 0.183955 -0.000000 0.115853 0.948060 -0.296245 11.066900 -0.155917 0.311914 0.937230 0.000000 0.000000 0.000000 0.000000 1.000000
0.980822 -0.064774 0.183826 -0.000000 0.117846 0.948318 -0.294626 11.066900 -0.155241 0.310639 0.937765 -0.000000 0.000000 0.000000 0.000000 1.000000
0.980645 -0.066615 0.184112 0.000000 0.119237 0.949045 -0.291713 11.066900 -0.155298 0.308020 0.938619 0.000000 0.000000 0.000000 0.000000 1.000000
0.980445 -0.066892 0.185077 0.000000 0.119580 0.949427 -0.290326 11.066900 -0.156297 0.306781 0.938859 -0.000000 0.000000 0.000000 0.000000 1.000000
0.980188 -0.064996 0.187101 -0.000000 0.118100 0.950123 -0.288648 11.066900 -0.159008 0.305026 0.938976 -0.000000 0.000000 0.000000 0.000000 1.000000
0.979416 -0.060255 0.192649 0.000000 0.115182 0.950599 -0.288260 11.066900 -0.165763 0.304516 0.937972 0.000000 0.000000 0.000000 0.000000 1.000000
0.977498 -0.048877 0.205204 -0.000000 0.108021 0.951543 -0.287918 11.066900 -0.181188 0.303606 0.935411 0.000000 0.000000 0.000000 0.000000 1.000000
0.977503 -0.048044 0.205379 0.000000 0.107425 0.951361 -0.288744 11.066900 -0.181517 0.304311 0.935119 0.000000 0.000000 0.000000 0.000000 1.000000
0.979197 -0.052985 0.195874 0.000000 0.109348 0.950940 -0.289408 11.066900 -0.170930 0.304805 0.936951 0.000000 0.000000 0.000000 0.000000 1.000000
0.980504 -0.056780 0.188115 0.000000 0.110837 0.950323 -0.290864 11.066900 -0.162255 0.306044 0.938089 0.000000 0.000000 0.000000 0.000000 1.000000
0.980904 -0.059675 0.185109 0.000000 0.113113 0.949287 -0.293360 11.066900 -0.158215 0.308697 0.937910 -0.000000 0.000000 0.000000 0.000000 1.000000
0.980796 -0.061586 0.185060 0.000000 0.115373 0.948225 -0.295903 11.066900 -0.157255 0.311572 0.937120 0.000000 0.000000 0.000000 0.000000 1.000000
0.980696 -0.064105 0.184731 0.000000 0.118296 0.946744 -0.299468 11.066900 -0.155696 0.315540 0.936052 0.000000 0.000000 0.000000 0.000000 1.000000
0.980622 -0.066168 0.184399 0.000000 0.120500 0.945850 -0.301410 11.066900 -0.154470 0.317789 0.935494 0.000000 0.000000 0.000000 0.000000 1.000000</float_array>
        <technique_common>
          <accessor source="#mixamorig_Spine1-Matrix-animation-output-transform-array" count="31" stride="16">
            <param type="float4x4"/>
          </accessor>
        </technique_common>
      </source>
      <source id="mixamorig_Spine1-Interpolations">
        <Name_array id="mixamorig_Spine1-Interpolations-array" count="31">
 LINEAR LINEAR LINEAR LINEAR LINEAR LINEAR LINEAR LINEAR LINEAR LINEAR LINEAR
LINEAR LINEAR LINEAR LINEAR LINEAR LINEAR LINEAR LINEAR LINEAR LINEAR LINEAR LINEAR
LINEAR LINEAR LINEAR LINEAR LINEAR LINEAR LINEAR LINEAR</Name_array>
        <technique_common>
          <accessor source="#mixamorig_Spine1-Interpolations-array" count="31">
            <param type="name"/>
          </accessor>
        </technique_common>
      </source>
      <sampler id="mixamorig_Spine1-Matrix-animation-transform">
        <input semantic="INPUT" source="#mixamorig_Spine1-Matrix-animation-input"/>
        <input semantic="OUTPUT" source="#mixamorig_Spine1-Matrix-animation-output-transform"/>
        <input semantic="INTERPOLATION" source="#mixamorig_Spine1-Interpolations"/>
      </sampler>
      <channel source="#mixamorig_Spine1-Matrix-animation-transform" target="mixamorig_Spine1/matrix"/>
    </animation>
    <animation id="mixamorig_Spine2-anim" name="mixamorig_Spine2">
      <source id="mixamorig_Spine2-Matrix-animation-input">
        <float_array id="mixamorig_Spine2-Matrix-animation-input-array" count="31">

0.000000 0.033333 0.066667 0.100000 0.133333 0.166667 0.200000 0.233333 0.266667 0.300000 0.333333 0.366667 0.400000 0.433333 0.466667 0.500000
0.533333 0.566667 0.600000 0.633333 0.666667 0.700000 0.733333 0.766667 0.800000 0.833333 0.866667 0.900000 0.933333 0.966667 1.000000</float_array>
        <technique_common>
          <accessor source="#mixamorig_Spine2-Matrix-animation-input-array" count="31">
            <param name="TIME" type="float"/>
          </accessor>
        </technique_common>
      </source>
      <source id="mixamorig_Spine2-Matrix-animation-output-transform">
        <float_array id="mixamorig_Spine2-Matrix-animation-output-transform-array" count="496">

0.968132 -0.083085 0.236255 0.000000 0.183331 0.877799 -0.442560 8.141900 -0.170615 0.471769 0.865057 0.000000 0.000000 0.000000 0.000000 1.000000
0.968192 -0.082761 0.236126 -0.000000 0.182973 0.877875 -0.442556 8.141900 -0.170663 0.471683 0.865095 -0.000000 0.000000 0.000000 0.000000 1.000000
0.968133 -0.082897 0.236321 -0.000000 0.183330 0.877448 -0.443256 8.141900 -0.170614 0.472455 0.864683 0.000000 0.000000 0.000000 0.000000 1.000000
0.968095 -0.083148 0.236388 0.000000 0.183715 0.877051 -0.443882 8.141900 -0.170416 0.473147 0.864344 0.000000 0.000000 0.000000 0.000000 1.000000
0.967901 -0.083446 0.237074 -0.000000 0.184495 0.876450 -0.444743 8.141900 -0.170672 0.474206 0.863713 0.000000 0.000000 0.000000 0.000000 1.000000
0.967916 -0.083517 0.236987 0.000000 0.184631 0.876126 -0.445325 8.141900 -0.170438 0.474792 0.863437 0.000000 0.000000 0.000000 0.000000 1.000000
0.967983 -0.081761 0.237328 0.000000 0.183198 0.876460 -0.445259 8.141900 -0.171604 0.474481 0.863377 -0.000000 0.000000 0.000000 0.000000 1.000000
0.967696 -0.081951 0.238428 0.000000 0.184088 0.875843 -0.446106 8.141900 -0.172266 0.475587 0.862636 -0.000000 0.000000 0.000000 0.000000 1.000000
0.968069 -0.083968 0.236204 0.000000 0.184892 0.875442 -0.446560 8.141900 -0.169286 0.475973 0.863013 0.000000 0.000000 0.000000 0.000000 1.000000
0.968459 -0.083358 0.234817 0.000000 0.183621 0.875784 -0.446415 8.141900 -0.168437 0.475451 0.863467 0.000000 0.000000 0.000000 0.000000 1.000000
0.968578 -0.075149 0.237084 0.000000 0.177566 0.876415 -0.447623 8.141900 -0.174146 0.475656 0.862221 -0.000000 0.000000 0.000000 0.000000 1.000000
0.968779 -0.071579 0.237370 0.000000 0.174546 0.876848 -0.447963 8.141900 -0.176073 0.475409 0.861965 0.000000 0.000000 0.000000 0.000000 1.000000
0.969240 -0.069254 0.236175 0.000000 0.171886 0.877272 -0.448161 8.141900 -0.176153 0.474971 0.862191 0.000000 0.000000 0.000000 0.000000 1.000000
0.969552 -0.069538 0.234806 0.000000 0.171105 0.878322 -0.446400 8.141900 -0.175194 0.472985 0.863477 0.000000 0.000000 0.000000 0.000000 1.000000
0.969743 -0.071433 0.233445 0.000000 0.171715 0.879291 -0.444254 8.141900 -0.173532 0.470898 0.864952 -0.000000 0.000000 0.000000 0.000000 1.000000
0.969590 -0.074678 0.233062 0.000000 0.174018 0.879980 -0.441987 8.141900 -0.172084 0.469104 0.866215 -0.000000 0.000000 0.000000 0.000000 1.000000
0.969293 -0.077049 0.233526 0.000000 0.176138 0.880216 -0.440676 8.141900 -0.171599 0.468277 0.866758 -0.000000 0.000000 0.000000 0.000000 1.000000
0.968821 -0.079396 0.234698 -0.000000 0.178350 0.881016 -0.438180 8.141900 -0.171983 0.466376 0.867707 0.000000 0.000000 0.000000 0.000000 1.000000
0.968356 -0.081797 0.235788 0.000000 0.180605 0.881710 -0.435855 8.141900 -0.172245 0.464648 0.868582 0.000000 0.000000 0.000000 0.000000 1.000000
0.967963 -0.083145 0.236926 0.000000 0.181752 0.883046 -0.432661 8.141900 -0.173243 0.461861 0.869868 -0.000000 0.000000 0.000000 0.000000 1.000000
0.967679 -0.083097 0.238099 0.000000 0.181984 0.883714 -0.431197 8.141900 -0.174581 0.460591 0.870275 -0.000000 0.000000 0.000000 0.000000 1.000000
0.967655 -0.080423 0.239115 -0.000000 0.179841 0.884610 -0.430259 8.141900 -0.176921 0.459345 0.870460 0.000000 0.000000 0.000000 0.000000 1.000000
0.967560 -0.073380 0.241752 0.000000 0.175005 0.884804 -0.431850 8.141900 -0.182214 0.460149 0.868943 0.000000 0.000000 0.000000 0.000000 1.000000
0.967205 -0.056880 0.247546 -0.000000 0.163662 0.884874 -0.436133 8.141900 -0.194240 0.462344 0.865164 0.000000 0.000000 0.000000 0.000000 1.000000
0.967370 -0.055883 0.247127 0.000000 0.162808 0.884454 -0.437303 8.141900 -0.194135 0.463269 0.864693 0.000000 0.000000 0.000000 0.000000 1.000000
0.968442 -0.064475 0.240754 0.000000 0.167210 0.884392 -0.435766 8.141900 -0.184825 0.462270 0.867264 -0.000000 0.000000 0.000000 0.000000 1.000000
0.969270 -0.071325 0.235434 0.000000 0.170814 0.883850 -0.435468 8.141900 -0.177029 0.462301 0.868872 0.000000 0.000000 0.000000 0.000000 1.000000
0.969245 -0.075724 0.234156 0.000000 0.174440 0.882558 -0.436648 8.141900 -0.173592 0.464065 0.868625 0.000000 0.000000 0.000000 0.000000 1.000000
0.968866 -0.077856 0.235027 0.000000 0.177161 0.881128 -0.438437 8.141900 -0.172954 0.466424 0.867488 0.000000 0.000000 0.000000 0.000000 1.000000
0.968397 -0.080683 0.236003 0.000000 0.180716 0.879133 -0.440984 8.141900 -0.171899 0.469697 0.865930 0.000000 0.000000 0.000000 0.000000 1.000000
0.968052 -0.082909 0.236646 0.000000 0.183298 0.877977 -0.442219 8.141900 -0.171106 0.471468 0.865125 0.000000 0.000000 0.000000 0.000000 1.000000</float_array>
        <technique_common>
          <accessor source="#mixamorig_Spine2-Matrix-animation-output-transform-array" count="31" stride="16">
            <param type="float4x4"/>
          </accessor>
        </technique_common>
      </source>
      <source id="mixamorig_Spine2-Interpolations">
        <Name_array id="mixamorig_Spine2-Interpolations-array" count="31">
 LINEAR LINEAR LINEAR LINEAR LINEAR LINEAR LINEAR LINEAR LINEAR LINEAR LINEAR
LINEAR LINEAR LINEAR LINEAR LINEAR LINEAR LINEAR LINEAR LINEAR LINEAR LINEAR LINEAR
LINEAR LINEAR LINEAR LINEAR LINEAR LINEAR LINEAR LINEAR</Name_array>
        <technique_common>
          <accessor source="#mixamorig_Spine2-Interpolations-array" count="31">
            <param type="name"/>
          </accessor>
        </technique_common>
      </source>
      <sampler id="mixamorig_Spine2-Matrix-animation-transform">
        <input semantic="INPUT" source="#mixamorig_Spine2-Matrix-animation-input"/>
        <input semantic="OUTPUT" source="#mixamorig_Spine2-Matrix-animation-output-transform"/>
        <input semantic="INTERPOLATION" source="#mixamorig_Spine2-Interpolations"/>
      </sampler>
      <channel source="#mixamorig_Spine2-Matrix-animation-transform" target="mixamorig_Spine2/matrix"/>
    </animation>
    <animation id="mixamorig_Neck-anim" name="mixamorig_Neck">
      <source id="mixamorig_Neck-Matrix-animation-input">
        <float_array id="mixamorig_Neck-Matrix-animation-input-array" count="31">

0.000000 0.033333 0.066667 0.100000 0.133333 0.166667 0.200000 0.233333 0.266667 0.300000 0.333333 0.366667 0.400000 0.433333 0.466667 0.500000
0.533333 0.566667 0.600000 0.633333 0.666667 0.700000 0.733333 0.766667 0.800000 0.833333 0.866667 0.900000 0.933333 0.966667 1.000000</float_array>
        <technique_common>
          <accessor source="#mixamorig_Neck-Matrix-animation-input-array" count="31">
            <param name="TIME" type="float"/>
          </accessor>
        </technique_common>
      </source>
      <source id="mixamorig_Neck-Matrix-animation-output-transform">
        <float_array id="mixamorig_Neck-Matrix-animation-output-transform-array" count="496">

0.999152 -0.038399 0.014892 -0.112200 0.035973 0.989712 0.138479 18.919500 -0.020056 -0.137825 0.990253 -3.736100 0.000000 0.000000 0.000000 1.000000
0.999227 -0.037475 0.011855 -0.112200 0.035478 0.989746 0.138361 18.919500 -0.016919 -0.137834 0.990311 -3.736100 0.000000 0.000000 0.000000 1.000000
0.999282 -0.036711 0.009337 -0.112200 0.035070 0.989774 0.138266 18.919500 -0.014317 -0.137839 0.990351 -3.736100 0.000000 0.000000 0.000000 1.000000
0.999322 -0.036093 0.007316 -0.112200 0.034737 0.989796 0.138191 18.919500 -0.012229 -0.137843 0.990379 -3.736100 0.000000 0.000000 0.000000 1.000000
0.999349 -0.035625 0.005765 -0.112200 0.034489 0.989813 0.138134 18.919500 -0.010628 -0.137845 0.990397 -3.736100 0.000000 0.000000 0.000000 1.000000
0.999365 -0.035341 0.004649 -0.112200 0.034361 0.989823 0.138095 18.919500 -0.009482 -0.137847 0.990408 -3.736100 0.000000 0.000000 0.000000 1.000000
0.999373 -0.035193 0.003961 -0.112200 0.034310 0.989828 0.138071 18.919500 -0.008780 -0.137848 0.990414 -3.736100 0.000000 0.000000 0.000000 1.000000
0.999376 -0.035123 0.003671 -0.112200 0.034280 0.989830 0.138060 18.919500 -0.008483 -0.137848 0.990417 -3.736100 0.000000 0.000000 0.000000 1.000000
0.999376 -0.035132 0.003751 -0.112200 0.034278 0.989830 0.138063 18.919500 -0.008564 -0.137848 0.990416 -3.736100 0.000000 0.000000 0.000000 1.000000
0.999371 -0.035224 0.004190 -0.112200 0.034309 0.989827 0.138078 18.919500 -0.009011 -0.137848 0.990412 -3.736100 0.000000 0.000000 0.000000 1.000000
0.999357 -0.035476 0.005247 -0.112200 0.034412 0.989818 0.138116 18.919500 -0.010094 -0.137846 0.990402 -3.736100 0.000000 0.000000 0.000000 1.000000
0.999325 -0.036046 0.007078 -0.112200 0.034723 0.989798 0.138182 18.919500 -0.011986 -0.137843 0.990382 -3.736100 0.000000 0.000000 0.000000 1.000000
0.999284 -0.036681 0.009226 -0.112200 0.035055 0.989775 0.138262 18.919500 -0.014204 -0.137839 0.990353 -3.736100 0.000000 0.000000 0.000000 1.000000
0.999229 -0.037465 0.011715 -0.112200 0.035487 0.989747 0.138356 18.919500 -0.016778 -0.137834 0.990313 -3.736100 0.000000 0.000000 0.000000 1.000000
0.999159 -0.038330 0.014567 -0.112200 0.035949 0.989714 0.138466 18.919500 -0.019724 -0.137826 0.990260 -3.736100 0.000000 0.000000 0.000000 1.000000
0.999075 -0.039238 0.017571 -0.112200 0.036431 0.989680 0.138586 18.919500 -0.022827 -0.137817 0.990195 -3.736100 0.000000 0.000000 0.000000 1.000000
0.998973 -0.040232 0.020827 -0.112200 0.036964 0.989642 0.138718 18.919500 -0.026193 -0.137806 0.990113 -3.736100 0.000000 0.000000 0.000000 1.000000
0.998853 -0.041277 0.024281 -0.112200 0.037519 0.989601 0.138862 18.919500 -0.029761 -0.137792 0.990014 -3.736100 0.000000 0.000000 0.000000 1.000000
0.998718 -0.042333 0.027760 -0.112200 0.038080 0.989558 0.139012 18.919500 -0.033355 -0.137776 0.989902 -3.736100 0.000000 0.000000 0.000000 1.000000
0.998576 -0.043345 0.031088 -0.112200 0.038620 0.989517 0.139159 18.919500 -0.036793 -0.137760 0.989782 -3.736100 0.000000 0.000000 0.000000 1.000000
0.998438 -0.044259 0.034103 -0.112200 0.039104 0.989479 0.139295 18.919500 -0.039910 -0.137743 0.989664 -3.736100 0.000000 0.000000 0.000000 1.000000
0.998314 -0.045017 0.036628 -0.112200 0.039503 0.989446 0.139410 18.919500 -0.042517 -0.137729 0.989557 -3.736100 0.000000 0.000000 0.000000 1.000000
0.998219 -0.045584 0.038491 -0.112200 0.039804 0.989422 0.139498 18.919500 -0.044443 -0.137717 0.989474 -3.736100 0.000000 0.000000 0.000000 1.000000
0.998164 -0.045896 0.039527 -0.112200 0.039968 0.989409 0.139546 18.919500 -0.045513 -0.137710 0.989426 -3.736100 0.000000 0.000000 0.000000 1.000000
0.998170 -0.045872 0.039413 -0.112200 0.039960 0.989410 0.139542 18.919500 -0.045397 -0.137711 0.989432 -3.736100 0.000000 0.000000 0.000000 1.000000
0.998283 -0.045207 0.037238 -0.112200 0.039605 0.989438 0.139439 18.919500 -0.043148 -0.137725 0.989530 -3.736100 0.000000 0.000000 0.000000 1.000000
0.998470 -0.044050 0.033420 -0.112200 0.038992 0.989487 0.139263 18.919500 -0.039203 -0.137747 0.989691 -3.736100 0.000000 0.000000 0.000000 1.000000
0.998683 -0.042594 0.028614 -0.112200 0.038220 0.989548 0.139049 18.919500 -0.034238 -0.137772 0.989872 -3.736100 0.000000 0.000000 0.000000 1.000000
0.998882 -0.041037 0.023485 -0.112200 0.037392 0.989610 0.138829 18.919500 -0.028938 -0.137796 0.990038 -3.736100 0.000000 0.000000 0.000000 1.000000
0.999042 -0.039584 0.018687 -0.112200 0.036619 0.989667 0.138631 18.919500 -0.023982 -0.137814 0.990168 -3.736100 0.000000 0.000000 0.000000 1.000000
0.999151 -0.038427 0.014883 -0.112200 0.036001 0.989711 0.138479 18.919500 -0.020051 -0.137825 0.990254 -3.736100 0.000000 0.000000 0.000000 1.000000</float_array>
        <technique_common>
          <accessor source="#mixamorig_Neck-Matrix-animation-output-transform-array" count="31" stride="16">
            <param type="float4x4"/>
          </accessor>
        </technique_common>
      </source>
      <source id="mixamorig_Neck-Interpolations">
        <Name_array id="mixamorig_Neck-Interpolations-array" count="31">
 LINEAR LINEAR LINEAR LINEAR LINEAR LINEAR LINEAR LINEAR LINEAR LINEAR LINEAR
LINEAR LINEAR LINEAR LINEAR LINEAR LINEAR LINEAR LINEAR LINEAR LINEAR LINEAR LINEAR
LINEAR LINEAR LINEAR LINEAR LINEAR LINEAR LINEAR LINEAR</Name_array>
        <technique_common>
          <accessor source="#mixamorig_Neck-Interpolations-array" count="31">
            <param type="name"/>
          </accessor>
        </technique_common>
      </source>
      <sampler id="mixamorig_Neck-Matrix-animation-transform">
        <input semantic="INPUT" source="#mixamorig_Neck-Matrix-animation-input"/>
        <input semantic="OUTPUT" source="#mixamorig_Neck-Matrix-animation-output-transform"/>
        <input semantic="INTERPOLATION" source="#mixamorig_Neck-Interpolations"/>
      </sampler>
      <channel source="#mixamorig_Neck-Matrix-animation-transform" target="mixamorig_Neck/matrix"/>
    </animation>
    <animation id="mixamorig_Head-anim" name="mixamorig_Head">
      <source id="mixamorig_Head-Matrix-animation-input">
        <float_array id="mixamorig_Head-Matrix-animation-input-array" count="31">

0.000000 0.033333 0.066667 0.100000 0.133333 0.166667 0.200000 0.233333 0.266667 0.300000 0.333333 0.366667 0.400000 0.433333 0.466667 0.500000
0.533333 0.566667 0.600000 0.633333 0.666667 0.700000 0.733333 0.766667 0.800000 0.833333 0.866667 0.900000 0.933333 0.966667 1.000000</float_array>
        <technique_common>
          <accessor source="#mixamorig_Head-Matrix-animation-input-array" count="31">
            <param name="TIME" type="float"/>
          </accessor>
        </technique_common>
      </source>
      <source id="mixamorig_Head-Matrix-animation-output-transform">
        <float_array id="mixamorig_Head-Matrix-animation-output-transform-array" count="496">

0.908073 0.161053 0.386608 0.000000 -0.230648 0.962817 0.140661 8.673000 -0.349579 -0.216901 0.911454 3.319300 0.000000 0.000000 0.000000 1.000000
0.910153 0.162808 0.380940 0.000000 -0.230864 0.962850 0.140079 8.673000 -0.343982 -0.215438 0.913927 3.319300 0.000000 0.000000 0.000000 1.000000
0.911849 0.164262 0.376230 -0.000000 -0.231047 0.962878 0.139584 8.673000 -0.339335 -0.214206 0.915952 3.319300 0.000000 0.000000 0.000000 1.000000
0.913191 0.165441 0.372440 -0.000000 -0.231211 0.962897 0.139181 8.673000 -0.335595 -0.213211 0.917560 3.319300 0.000000 0.000000 0.000000 1.000000
0.914212 0.166323 0.369530 0.000000 -0.231320 0.962914 0.138882 8.673000 -0.332726 -0.212447 0.918781 3.319300 0.000000 0.000000 0.000000 1.000000
0.914943 0.166921 0.367447 0.000000 -0.231378 0.962926 0.138699 8.673000 -0.330673 -0.211921 0.919644 3.319300 0.000000 0.000000 0.000000 1.000000
0.915397 0.167257 0.366160 -0.000000 -0.231379 0.962942 0.138589 8.673000 -0.329411 -0.211585 0.920174 3.319300 0.000000 0.000000 0.000000 1.000000
0.915589 0.167394 0.365617 0.000000 -0.231385 0.962943 0.138569 8.673000 -0.328873 -0.211470 0.920393 3.319300 0.000000 0.000000 0.000000 1.000000
0.915535 0.167373 0.365762 0.000000 -0.231386 0.962948 0.138537 8.673000 -0.329022 -0.211467 0.920340 3.319300 0.000000 0.000000 0.000000 1.000000
0.915247 0.167143 0.366587 -0.000000 -0.231375 0.962938 0.138621 8.673000 -0.329831 -0.211692 0.919999 3.319300 0.000000 0.000000 0.000000 1.000000
0.914559 0.166576 0.368558 0.000000 -0.231325 0.962923 0.138813 8.673000 -0.331770 -0.212209 0.919182 3.319300 0.000000 0.000000 0.000000 1.000000
0.913347 0.165555 0.372007 0.000000 -0.231216 0.962899 0.139156 8.673000 -0.335168 -0.213111 0.917740 3.319300 0.000000 0.000000 0.000000 1.000000
0.911928 0.164304 0.376022 0.000000 -0.231040 0.962880 0.139584 8.673000 -0.339129 -0.214167 0.916037 3.319300 0.000000 0.000000 0.000000 1.000000
0.910242 0.162884 0.380695 0.000000 -0.230874 0.962851 0.140053 8.673000 -0.343740 -0.215375 0.914033 3.319300 0.000000 0.000000 0.000000 1.000000
0.908311 0.161133 0.386015 0.000000 -0.230582 0.962833 0.140659 8.673000 -0.349003 -0.216771 0.911706 3.319300 0.000000 0.000000 0.000000 1.000000
0.906255 0.159216 0.391602 0.000000 -0.230217 0.962824 0.141314 8.673000 -0.354545 -0.218220 0.909218 3.319300 0.000000 0.000000 0.000000 1.000000
0.903981 0.157149 0.397647 0.000000 -0.229853 0.962806 0.142032 8.673000 -0.360537 -0.219795 0.906479 3.319300 0.000000 0.000000 0.000000 1.000000
0.901531 0.154931 0.404027 0.000000 -0.229459 0.962785 0.142809 8.673000 -0.366866 -0.221454 0.903531 3.319300 0.000000 0.000000 0.000000 1.000000
0.899017 0.152685 0.410434 0.000000 -0.229066 0.962762 0.143591 8.673000 -0.373226 -0.223107 0.900514 3.319300 0.000000 0.000000 0.000000 1.000000
0.896564 0.150537 0.416547 0.000000 -0.228703 0.962738 0.144328 8.673000 -0.379299 -0.224665 0.897585 3.319300 0.000000 0.000000 0.000000 1.000000
0.894312 0.148548 0.422067 -0.000000 -0.228356 0.962715 0.145030 8.673000 -0.384786 -0.226084 0.894889 3.319300 0.000000 0.000000 0.000000 1.000000
0.892395 0.146914 0.426670 -0.000000 -0.228108 0.962685 0.145616 8.673000 -0.389356 -0.227274 0.892608 3.319300 0.000000 0.000000 0.000000 1.000000
0.890952 0.145747 0.430072 0.000000 -0.227963 0.962658 0.146022 8.673000 -0.392730 -0.228139 0.890907 3.319300 0.000000 0.000000 0.000000 1.000000
0.890145 0.145099 0.431958 0.000000 -0.227883 0.962643 0.146244 8.673000 -0.394602 -0.228614 0.889958 3.319300 0.000000 0.000000 0.000000 1.000000
0.890235 0.145168 0.431749 0.000000 -0.227887 0.962647 0.146213 8.673000 -0.394397 -0.228554 0.890064 3.319300 0.000000 0.000000 0.000000 1.000000
0.891920 0.146533 0.427792 0.000000 -0.228059 0.962678 0.145740 8.673000 -0.390471 -0.227550 0.892050 3.319300 0.000000 0.000000 0.000000 1.000000
0.894823 0.149000 0.420822 0.000000 -0.228437 0.962719 0.144872 8.673000 -0.383548 -0.225766 0.895500 3.319300 0.000000 0.000000 0.000000 1.000000
0.898388 0.152126 0.412016 0.000000 -0.228966 0.962757 0.143780 8.673000 -0.374799 -0.223508 0.899761 3.319300 0.000000 0.000000 0.000000 1.000000
0.902100 0.155434 0.402561 -0.000000 -0.229538 0.962793 0.142626 8.673000 -0.365413 -0.221066 0.904214 3.319300 0.000000 0.000000 0.000000 1.000000
0.905477 0.158505 0.393684 0.000000 -0.230092 0.962817 0.141566 8.673000 -0.356607 -0.218768 0.908280 3.319300 0.000000 0.000000 0.000000 1.000000
0.908096 0.160921 0.386610 0.000000 -0.230540 0.962831 0.140744 8.673000 -0.349591 -0.216938 0.911441 3.319300 0.000000 0.000000 0.000000 1.000000</float_array>
        <technique_common>
          <accessor source="#mixamorig_Head-Matrix-animation-output-transform-array" count="31" stride="16">
            <param type="float4x4"/>
          </accessor>
