<?xml version="1.0" encoding="utf-8"?>
<COLLADA xmlns="http://www.collada.org/2005/11/COLLADASchema" version="1.4.1">
  <asset>
    <contributor>
      <author>Mixamo</author>
      <authoring_tool>COLLADA Mixamo exporter</authoring_tool>
      <comments/>
    </contributor>
    <created>2024-06-04T21:06:50Z</created>
    <modified>2024-06-04T21:06:50Z</modified>
    <revision/>
    <title/>
    <unit meter="0.010000"/>
    <up_axis>Y_UP</up_axis>
  </asset>
  <library_animations>
    <animation id="mixamorig_Hips-anim" name="mixamorig_Hips">
      <source id="mixamorig_Hips-Matrix-animation-input">
        <float_array id="mixamorig_Hips-Matrix-animation-input-array" count="31">

0.000000 0.033333 0.066667 0.100000 0.133333 0.166667 0.200000 0.233333 0.266667 0.300000 0.333333 0.366667 0.400000 0.433333 0.466667 0.500000
0.533333 0.566667 0.600000 0.633333 0.666667 0.700000 0.733333 0.766667 0.800000 0.833333 0.866667 0.900000 0.933333 0.966667 1.000000</float_array>
        <technique_common>
          <accessor source="#mixamorig_Hips-Matrix-animation-input-array" count="31">
            <param name="TIME" type="float"/>
          </accessor>
        </technique_common>
      </source>
      <source id="mixamorig_Hips-Matrix-animation-output-transform">
        <float_array id="mixamorig_Hips-Matrix-animation-output-transform-array" count="496">

0.663302 0.106797 -0.740692 -1.127315 0.056227 0.979855 0.191633 95.546982 0.746236 -0.168757 0.643935 0.798262 0.000000 0.000000 0.000000 1.000000
0.615641 0.131391 -0.776996 -2.590388 0.045686 0.978393 0.201645 93.961136 0.786702 -0.159639 0.596335 0.873536 0.000000 0.000000 0.000000 1.000000
0.563082 0.156271 -0.811491 -4.029696 0.036300 0.976333 0.213203 92.227364 0.825604 -0.149508 0.544083 1.030975 0.000000 0.000000 0.000000 1.000000
0.508060 0.180915 -0.842107 -5.315086 0.027310 0.973817 0.225687 90.667191 0.860889 -0.137660 0.489817 1.275347 0.000000 0.000000 0.000000 1.000000
0.453762 0.204059 -0.867444 -6.377949 0.018819 0.971017 0.238268 89.477722 0.890924 -0.124441 0.436771 1.619600 0.000000 0.000000 0.000000 1.000000
0.402894 0.224551 -0.887273 -7.239176 0.010809 0.968201 0.249940 88.662003 0.915183 -0.110290 0.387656 2.062982 0.000000 0.000000 0.000000 1.000000
0.357750 0.241323 -0.902097 -7.423801 0.003250 0.965703 0.259627 88.470100 0.933812 -0.095814 0.344696 2.543458 0.000000 0.000000 0.000000 1.000000
0.353239 0.244624 -0.902985 -7.624434 0.000028 0.965206 0.261491 88.839218 0.935533 -0.092394 0.340942 3.038500 0.000000 0.000000 0.000000 1.000000
0.399174 0.235653 -0.886074 -7.368336 0.002983 0.966068 0.258271 89.848602 0.916870 -0.105738 0.384927 3.531842 0.000000 0.000000 0.000000 1.000000
0.438535 0.223365 -0.870514 -6.810935 0.009140 0.967463 0.252846 91.330017 0.898668 -0.118838 0.422225 3.940687 0.000000 0.000000 0.000000 1.000000
0.475298 0.210041 -0.854385 -6.223187 0.014907 0.969024 0.246516 92.953438 0.879698 -0.129905 0.457445 4.285551 0.000000 0.000000 0.000000 1.000000
0.509806 0.195785 -0.837715 -5.664111 0.020767 0.970675 0.239498 94.375443 0.860039 -0.139495 0.490790 4.556106 0.000000 0.000000 0.000000 1.000000
0.542235 0.181403 -0.820411 -5.131243 0.025719 0.972375 0.232003 95.183609 0.839833 -0.146900 0.522591 4.737460 0.000000 0.000000 0.000000 1.000000
0.572806 0.167480 -0.802399 -4.616984 0.029298 0.974095 0.224232 95.464264 0.819167 -0.151950 0.553061 4.816956 0.000000 0.000000 0.000000 1.000000
0.602200 0.154013 -0.783349 -4.149360 0.031921 0.975786 0.216387 95.292694 0.797707 -0.155314 0.582702 4.811033 0.000000 0.000000 0.000000 1.000000
0.630145 0.141852 -0.763410 -3.616569 0.032740 0.977443 0.208646 94.794632 0.775787 -0.156471 0.611287 4.738586 0.000000 0.000000 0.000000 1.000000
0.656820 0.131415 -0.742508 -3.008346 0.031544 0.979045 0.201184 93.855446 0.753387 -0.155563 0.638911 4.599225 0.000000 0.000000 0.000000 1.000000
0.682447 0.121446 -0.720775 -2.336156 0.030585 0.980492 0.194165 92.746750 0.730295 -0.154553 0.665420 4.391523 0.000000 0.000000 0.000000 1.000000
0.707182 0.110338 -0.698369 -1.856245 0.032246 0.981687 0.187753 91.971916 0.706296 -0.155295 0.690673 4.119273 0.000000 0.000000 0.000000 1.000000
0.731494 0.096972 -0.674917 -2.284214 0.037788 0.982548 0.182128 91.014137 0.680800 -0.158729 0.715064 3.774718 0.000000 0.000000 0.000000 1.000000
0.755649 0.082746 -0.649729 -3.251249 0.044944 0.983099 0.177473 89.704330 0.653433 -0.163309 0.739159 3.380289 0.000000 0.000000 0.000000 1.000000
0.780125 0.067803 -0.621939 -5.030928 0.053533 0.983229 0.174339 88.220558 0.623329 -0.169300 0.763412 2.967576 0.000000 0.000000 0.000000 1.000000
0.785714 0.059525 -0.615720 -6.640872 0.060534 0.983183 0.172296 87.492561 0.615621 -0.172648 0.768897 2.529048 0.000000 0.000000 0.000000 1.000000
0.774406 0.060589 -0.629782 -7.546554 0.061378 0.983515 0.170093 88.283958 0.629705 -0.170376 0.757920 2.118594 0.000000 0.000000 0.000000 1.000000
0.761233 0.066817 -0.645027 -7.144700 0.058807 0.983466 0.171278 90.105179 0.645806 -0.168315 0.744718 1.763393 0.000000 0.000000 0.000000 1.000000
0.747177 0.075481 -0.660325 -6.142702 0.054198 0.983301 0.173727 92.219872 0.662412 -0.165594 0.730609 1.465308 0.000000 0.000000 0.000000 1.000000
0.732080 0.085822 -0.675791 -5.089689 0.048161 0.983030 0.177012 93.936165 0.679515 -0.162133 0.715523 1.231277 0.000000 0.000000 0.000000 1.000000
0.715692 0.093642 -0.692110 -4.042729 0.046249 0.982441 0.180749 95.064697 0.696883 -0.161370 0.698795 1.024492 0.000000 0.000000 0.000000 1.000000
0.698492 0.099171 -0.708713 -3.157427 0.047963 0.981636 0.184633 95.984467 0.714008 -0.162957 0.680909 0.865392 0.000000 0.000000 0.000000 1.000000
0.680948 0.103348 -0.725003 -2.316615 0.051705 0.980737 0.188365 96.083237 0.730504 -0.165753 0.662487 0.785485 0.000000 0.000000 0.000000 1.000000
0.663302 0.106797 -0.740692 -1.127318 0.056227 0.979855 0.191633 95.546921 0.746236 -0.168758 0.643935 0.799233 0.000000 0.000000 0.000000 1.000000</float_array>
        <technique_common>
          <accessor source="#mixamorig_Hips-Matrix-animation-output-transform-array" count="31" stride="16">
            <param type="float4x4"/>
          </accessor>
        </technique_common>
      </source>
      <source id="mixamorig_Hips-Interpolations">
        <Name_array id="mixamorig_Hips-Interpolations-array" count="31">
 LINEAR LINEAR LINEAR LINEAR LINEAR LINEAR LINEAR LINEAR LINEAR LINEAR LINEAR
LINEAR LINEAR LINEAR LINEAR LINEAR LINEAR LINEAR LINEAR LINEAR LINEAR LINEAR LINEAR
LINEAR LINEAR LINEAR LINEAR LINEAR LINEAR LINEAR LINEAR</Name_array>
        <technique_common>
          <accessor source="#mixamorig_Hips-Interpolations-array" count="31">
            <param type="name"/>
          </accessor>
        </technique_common>
      </source>
      <sampler id="mixamorig_Hips-Matrix-animation-transform">
        <input semantic="INPUT" source="#mixamorig_Hips-Matrix-animation-input"/>
        <input semantic="OUTPUT" source="#mixamorig_Hips-Matrix-animation-output-transform"/>
        <input semantic="INTERPOLATION" source="#mixamorig_Hips-Interpolations"/>
      </sampler>
      <channel source="#mixamorig_Hips-Matrix-animation-transform" target="mixamorig_Hips/matrix"/>
    </animation>
    <animation id="mixamorig_Spine-anim" name="mixamorig_Spine">
      <source id="mixamorig_Spine-Matrix-animation-input">
        <float_array id="mixamorig_Spine-Matrix-animation-input-array" count="31">

0.000000 0.033333 0.066667 0.100000 0.133333 0.166667 0.200000 0.233333 0.266667 0.300000 0.333333 0.366667 0.400000 0.433333 0.466667 0.500000
0.533333 0.566667 0.600000 0.633333 0.666667 0.700000 0.733333 0.766667 0.800000 0.833333 0.866667 0.900000 0.933333 0.966667 1.000000</float_array>
        <technique_common>
          <accessor source="#mixamorig_Spine-Matrix-animation-input-array" count="31">
            <param name="TIME" type="float"/>
          </accessor>
        </technique_common>
      </source>
      <source id="mixamorig_Spine-Matrix-animation-output-transform">
        <float_array id="mixamorig_Spine-Matrix-animation-output-transform-array" count="496">

0.996165 0.082094 -0.030269 0.004700 -0.086716 0.972416 -0.216537 5.245300 0.011658 0.218331 0.975805 0.258800 0.000000 0.000000 0.000000 1.000000
0.997357 0.072570 -0.003583 0.004700 -0.071553 0.972429 -0.221948 5.245300 -0.012623 0.221618 0.975052 0.258800 0.000000 0.000000 0.000000 1.000000
0.997603 0.064408 0.025303 0.004700 -0.056949 0.971860 -0.228573 5.245300 -0.039313 0.226584 0.973198 0.258800 0.000000 0.000000 0.000000 1.000000
0.996880 0.057063 0.054539 0.004700 -0.042651 0.970788 -0.236120 5.245300 -0.066420 0.233057 0.970192 0.258800 0.000000 0.000000 0.000000 1.000000
0.995384 0.050850 0.081391 0.004700 -0.029539 0.969250 -0.244298 5.245300 -0.091310 0.240766 0.966278 0.258800 0.000000 0.000000 0.000000 1.000000
0.993423 0.043458 0.105931 0.004700 -0.015500 0.967696 -0.251642 5.245300 -0.113445 0.248345 0.962006 0.258800 0.000000 0.000000 0.000000 1.000000
0.991330 0.033649 0.127014 0.004700 0.000153 0.966358 -0.257202 5.245300 -0.131395 0.254992 0.957974 0.258800 0.000000 0.000000 0.000000 1.000000
0.990247 0.037561 0.134163 0.004700 -0.001542 0.965870 -0.259024 5.245300 -0.139314 0.256291 0.956507 0.258800 0.000000 0.000000 0.000000 1.000000
0.990096 0.066489 0.123651 0.004700 -0.032912 0.966124 -0.255970 5.245300 -0.136482 0.249365 0.958744 0.258800 0.000000 0.000000 0.000000 1.000000
0.990379 0.088120 0.106695 0.004700 -0.058710 0.965772 -0.252663 5.245300 -0.125308 0.243968 0.961654 0.258800 0.000000 0.000000 0.000000 1.000000
0.990850 0.103338 0.086820 0.004700 -0.079011 0.965630 -0.247619 5.245300 -0.109425 0.238493 0.964960 0.258800 0.000000 0.000000 0.000000 1.000000
0.991260 0.113274 0.067623 0.004700 -0.093939 0.965959 -0.241037 5.245300 -0.092625 0.232578 0.968157 0.258800 0.000000 0.000000 0.000000 1.000000
0.991871 0.117417 0.049045 0.004700 -0.102847 0.966691 -0.234373 5.245300 -0.074930 0.227424 0.970909 0.258800 0.000000 0.000000 0.000000 1.000000
0.992675 0.116954 0.030287 0.004700 -0.107107 0.967940 -0.227201 5.245300 -0.055888 0.222293 0.973377 0.258800 0.000000 0.000000 0.000000 1.000000
0.993487 0.113419 0.010977 0.004700 -0.108235 0.969400 -0.220337 5.245300 -0.035632 0.217714 0.975362 0.258800 0.000000 0.000000 0.000000 1.000000
0.994262 0.106676 -0.008019 0.004700 -0.105906 0.970964 -0.214507 5.245300 -0.015097 0.214126 0.976689 0.258800 0.000000 0.000000 0.000000 1.000000
0.994887 0.097477 -0.026409 0.004700 -0.100856 0.972508 -0.209896 5.245300 0.005223 0.211486 0.977367 0.258800 0.000000 0.000000 0.000000 1.000000
0.995087 0.088715 -0.043946 0.004700 -0.095906 0.973938 -0.205541 5.245300 0.024566 0.208746 0.977661 0.258800 0.000000 0.000000 0.000000 1.000000
0.994589 0.084495 -0.060448 0.004700 -0.095105 0.974673 -0.202405 5.245300 0.041815 0.207059 0.977434 0.258800 0.000000 0.000000 0.000000 1.000000
0.993285 0.087026 -0.076227 0.004700 -0.100738 0.974601 -0.200010 5.245300 0.056885 0.206346 0.976824 0.258800 0.000000 0.000000 0.000000 1.000000
0.991270 0.095252 -0.091168 0.004700 -0.111778 0.973826 -0.197909 5.245300 0.069931 0.206371 0.975972 0.258800 0.000000 0.000000 0.000000 1.000000
0.988469 0.108922 -0.105192 0.004700 -0.127935 0.972354 -0.195345 5.245300 0.081007 0.206550 0.975077 0.258800 0.000000 0.000000 0.000000 1.000000
0.987002 0.114131 -0.113144 0.004700 -0.134642 0.971632 -0.194427 5.245300 0.087744 0.207134 0.974370 0.258800 0.000000 0.000000 0.000000 1.000000
0.988385 0.106382 -0.108525 0.004700 -0.126364 0.972015 -0.198036 5.245300 0.084421 0.209450 0.974168 0.258800 0.000000 0.000000 0.000000 1.000000
0.990469 0.095770 -0.098989 0.004700 -0.114251 0.972672 -0.202131 5.245300 0.076925 0.211514 0.974343 0.258800 0.000000 0.000000 0.000000 1.000000
0.992291 0.086419 -0.088831 0.004700 -0.103127 0.973286 -0.205132 5.245300 0.068731 0.212712 0.974695 0.258800 0.000000 0.000000 0.000000 1.000000
0.993902 0.078090 -0.077856 0.004700 -0.092833 0.973589 -0.208582 5.245300 0.059511 0.214537 0.974901 0.258800 0.000000 0.000000 0.000000 1.000000
0.994979 0.075144 -0.066110 0.004700 -0.087532 0.973616 -0.210735 5.245300 0.048531 0.215464 0.975305 0.258800 0.000000 0.000000 0.000000 1.000000
0.995594 0.076608 -0.054069 0.004700 -0.086451 0.973238 -0.212919 5.245300 0.036311 0.216655 0.975573 0.258800 0.000000 0.000000 0.000000 1.000000
0.995953 0.079475 -0.041972 0.004700 -0.086680 0.972805 -0.214797 5.245300 0.023760 0.217566 0.975756 0.258800 0.000000 0.000000 0.000000 1.000000
0.996164 0.082112 -0.030256 0.004700 -0.086732 0.972403 -0.216588 5.245300 0.011637 0.218381 0.975794 0.258800 0.000000 0.000000 0.000000 1.000000</float_array>
        <technique_common>
          <accessor source="#mixamorig_Spine-Matrix-animation-output-transform-array" count="31" stride="16">
            <param type="float4x4"/>
          </accessor>
        </technique_common>
      </source>
      <source id="mixamorig_Spine-Interpolations">
        <Name_array id="mixamorig_Spine-Interpolations-array" count="31">
 LINEAR LINEAR LINEAR LINEAR LINEAR LINEAR LINEAR LINEAR LINEAR LINEAR LINEAR
LINEAR LINEAR LINEAR LINEAR LINEAR LINEAR LINEAR LINEAR LINEAR LINEAR LINEAR LINEAR
LINEAR LINEAR LINEAR LINEAR LINEAR LINEAR LINEAR LINEAR</Name_array>
        <technique_common>
          <accessor source="#mixamorig_Spine-Interpolations-array" count="31">
            <param type="name"/>
          </accessor>
        </technique_common>
      </source>
      <sampler id="mixamorig_Spine-Matrix-animation-transform">
        <input semantic="INPUT" source="#mixamorig_Spine-Matrix-animation-input"/>
        <input semantic="OUTPUT" source="#mixamorig_Spine-Matrix-animation-output-transform"/>
        <input semantic="INTERPOLATION" source="#mixamorig_Spine-Interpolations"/>
      </sampler>
      <channel source="#mixamorig_Spine-Matrix-animation-transform" target="mixamorig_Spine/matrix"/>
    </animation>
    <animation id="mixamorig_Spine1-anim" name="mixamorig_Spine1">
      <source id="mixamorig_Spine1-Matrix-animation-input">
        <float_array id="mixamorig_Spine1-Matrix-animation-input-array" count="31">

0.000000 0.033333 0.066667 0.100000 0.133333 0.166667 0.200000 0.233333 0.266667 0.300000 0.333333 0.366667 0.400000 0.433333 0.466667 0.500000
0.533333 0.566667 0.600000 0.633333 0.666667 0.700000 0.733333 0.766667 0.800000 0.833333 0.866667 0.900000 0.933333 0.966667 1.000000</float_array>
        <technique_common>
          <accessor source="#mixamorig_Spine1-Matrix-animation-input-array" count="31">
            <param name="TIME" type="float"/>
          </accessor>
        </technique_common>
      </source>
      <source id="mixamorig_Spine1-Matrix-animation-output-transform">
        <float_array id="mixamorig_Spine1-Matrix-animation-output-transform-array" count="496">

0.986676 -0.124765 0.104426 0.000000 0.150312 0.944667 -0.291567 11.066900 -0.062271 0.303378 0.950833 0.000000 0.000000 0.000000 0.000000 1.000000
0.986518 -0.118214 0.113175 0.000000 0.146668 0.945433 -0.290939 11.066900 -0.072607 0.303615 0.950024 0.000000 0.000000 0.000000 0.000000 1.000000
0.986376 -0.111258 0.121180 -0.000000 0.142334 0.946523 -0.289542 11.066900 -0.082486 0.302845 0.949463 0.000000 0.000000 0.000000 0.000000 1.000000
0.986105 -0.104809 0.128892 0.000000 0.138308 0.947747 -0.287484 11.066900 -0.092026 0.301316 0.949073 0.000000 0.000000 0.000000 0.000000 1.000000
0.985540 -0.099593 0.137086 0.000000 0.135522 0.948928 -0.284901 11.066900 -0.101711 0.299360 0.948704 -0.000000 0.000000 0.000000 0.000000 1.000000
0.984910 -0.094202 0.145181 0.000000 0.132537 0.950004 -0.282713 11.066900 -0.111290 0.297688 0.948154 0.000000 0.000000 0.000000 0.000000 1.000000
0.984226 -0.087809 0.153584 -0.000000 0.128745 0.950922 -0.281376 11.066900 -0.121339 0.296711 0.947227 0.000000 0.000000 0.000000 0.000000 1.000000
0.984192 -0.090368 0.152317 0.000000 0.130651 0.951088 -0.279931 11.066900 -0.119571 0.295406 0.947860 -0.000000 0.000000 0.000000 0.000000 1.000000
0.984603 -0.106410 0.138684 0.000000 0.142033 0.949474 -0.279866 11.066900 -0.101896 0.295255 0.949969 0.000000 0.000000 0.000000 0.000000 1.000000
0.984471 -0.116067 0.131698 0.000000 0.149296 0.948219 -0.280342 11.066900 -0.092340 0.295651 0.950823 0.000000 0.000000 0.000000 0.000000 1.000000
0.984243 -0.122011 0.127983 0.000000 0.154024 0.947083 -0.281622 11.066900 -0.086850 0.296897 0.950952 -0.000000 0.000000 0.000000 0.000000 1.000000
0.984076 -0.125816 0.125557 0.000000 0.157160 0.945870 -0.283955 11.066900 -0.083035 0.299166 0.950581 0.000000 0.000000 0.000000 0.000000 1.000000
0.984163 -0.126847 0.123830 0.000000 0.157834 0.945031 -0.286364 11.066900 -0.080699 0.301374 0.950085 0.000000 0.000000 0.000000 0.000000 1.000000
0.984329 -0.126236 0.123127 0.000000 0.157252 0.944342 -0.288948 11.066900 -0.079799 0.303782 0.949394 0.000000 0.000000 0.000000 0.000000 1.000000
0.984461 -0.125372 0.122957 -0.000000 0.156577 0.943697 -0.291408 11.066900 -0.079500 0.306132 0.948664 0.000000 0.000000 0.000000 0.000000 1.000000
0.984717 -0.123338 0.122962 -0.000000 0.154792 0.943391 -0.293347 11.066900 -0.079821 0.307897 0.948065 0.000000 0.000000 0.000000 0.000000 1.000000
0.985041 -0.121146 0.122546 -0.000000 0.152690 0.943264 -0.294855 11.066900 -0.079873 0.309156 0.947651 0.000000 0.000000 0.000000 0.000000 1.000000
0.985381 -0.119262 0.121662 0.000000 0.150764 0.942998 -0.296691 11.066900 -0.079343 0.310696 0.947192 -0.000000 0.000000 0.000000 0.000000 1.000000
0.985695 -0.118847 0.119503 0.000000 0.149761 0.942883 -0.297564 11.066900 -0.077313 0.311204 0.947193 -0.000000 0.000000 0.000000 0.000000 1.000000
0.985933 -0.120393 0.115935 -0.000000 0.150163 0.942641 -0.298126 11.066900 -0.073393 0.311342 0.947460 0.000000 0.000000 0.000000 0.000000 1.000000
0.985962 -0.125114 0.110573 0.000000 0.153017 0.942076 -0.298461 11.066900 -0.066826 0.311191 0.947995 -0.000000 0.000000 0.000000 0.000000 1.000000
0.985890 -0.132371 0.102465 0.000000 0.157412 0.941345 -0.298481 11.066900 -0.056945 0.310399 0.948899 0.000000 0.000000 0.000000 0.000000 1.000000
0.985777 -0.133485 0.102109 0.000000 0.158326 0.941393 -0.297845 11.066900 -0.056367 0.309775 0.949138 0.000000 0.000000 0.000000 0.000000 1.000000
0.986071 -0.128752 0.105297 -0.000000 0.154627 0.942857 -0.295147 11.066900 -0.061279 0.307317 0.949632 -0.000000 0.000000 0.000000 0.000000 1.000000
0.986506 -0.124947 0.105805 0.000000 0.151053 0.943866 -0.293768 11.066900 -0.063160 0.305786 0.950003 -0.000000 0.000000 0.000000 0.000000 1.000000
0.986752 -0.123002 0.105785 0.000000 0.149149 0.944346 -0.293199 11.066900 -0.063834 0.305092 0.950181 0.000000 0.000000 0.000000 0.000000 1.000000
0.986858 -0.122568 0.105298 0.000000 0.148534 0.944673 -0.292458 11.066900 -0.063626 0.304255 0.950464 0.000000 0.000000 0.000000 0.000000 1.000000
0.986858 -0.123027 0.104762 0.000000 0.148789 0.944726 -0.292157 11.066900 -0.063028 0.303905 0.950615 0.000000 0.000000 0.000000 0.000000 1.000000
0.986773 -0.124111 0.104291 0.000000 0.149666 0.944662 -0.291913 11.066900 -0.062290 0.303661 0.950742 0.000000 0.000000 0.000000 0.000000 1.000000
0.986709 -0.124536 0.104381 0.000000 0.150074 0.944726 -0.291499 11.066900 -0.062310 0.303289 0.950859 0.000000 0.000000 0.000000 0.000000 1.000000
0.986672 -0.124691 0.104549 -0.000000 0.150292 0.944605 -0.291777 11.066900 -0.062376 0.303601 0.950755 -0.000000 0.000000 0.000000 0.000000 1.000000</float_array>
        <technique_common>
          <accessor source="#mixamorig_Spine1-Matrix-animation-output-transform-array" count="31" stride="16">
            <param type="float4x4"/>
          </accessor>
        </technique_common>
      </source>
      <source id="mixamorig_Spine1-Interpolations">
        <Name_array id="mixamorig_Spine1-Interpolations-array" count="31">
 LINEAR LINEAR LINEAR LINEAR LINEAR LINEAR LINEAR LINEAR LINEAR LINEAR LINEAR
LINEAR LINEAR LINEAR LINEAR LINEAR LINEAR LINEAR LINEAR LINEAR LINEAR LINEAR LINEAR
LINEAR LINEAR LINEAR LINEAR LINEAR LINEAR LINEAR LINEAR</Name_array>
        <technique_common>
          <accessor source="#mixamorig_Spine1-Interpolations-array" count="31">
            <param type="name"/>
          </accessor>
        </technique_common>
      </source>
      <sampler id="mixamorig_Spine1-Matrix-animation-transform">
        <input semantic="INPUT" source="#mixamorig_Spine1-Matrix-animation-input"/>
        <input semantic="OUTPUT" source="#mixamorig_Spine1-Matrix-animation-output-transform"/>
        <input semantic="INTERPOLATION" source="#mixamorig_Spine1-Interpolations"/>
      </sampler>
      <channel source="#mixamorig_Spine1-Matrix-animation-transform" target="mixamorig_Spine1/matrix"/>
    </animation>
    <animation id="mixamorig_Spine2-anim" name="mixamorig_Spine2">
      <source id="mixamorig_Spine2-Matrix-animation-input">
        <float_array id="mixamorig_Spine2-Matrix-animation-input-array" count="31">

0.000000 0.033333 0.066667 0.100000 0.133333 0.166667 0.200000 0.233333 0.266667 0.300000 0.333333 0.366667 0.400000 0.433333 0.466667 0.500000
0.533333 0.566667 0.600000 0.633333 0.666667 0.700000 0.733333 0.766667 0.800000 0.833333 0.866667 0.900000 0.933333 0.966667 1.000000</float_array>
        <technique_common>
          <accessor source="#mixamorig_Spine2-Matrix-animation-input-array" count="31">
            <param name="TIME" type="float"/>
          </accessor>
        </technique_common>
      </source>
      <source id="mixamorig_Spine2-Matrix-animation-output-transform">
        <float_array id="mixamorig_Spine2-Matrix-animation-output-transform-array" count="496">

0.966745 -0.163080 0.196999 0.000000 0.232200 0.882546 -0.408895 8.141900 -0.107178 0.441040 0.891065 0.000000 0.000000 0.000000 0.000000 1.000000
0.967246 -0.153582 0.202107 -0.000000 0.226076 0.883272 -0.410755 8.141900 -0.115431 0.442993 0.889063 0.000000 0.000000 0.000000 0.000000 1.000000
0.967830 -0.143984 0.206334 0.000000 0.219400 0.884387 -0.411974 8.141900 -0.123162 0.443990 0.887527 0.000000 0.000000 0.000000 0.000000 1.000000
0.968262 -0.134716 0.210524 0.000000 0.212935 0.885675 -0.412599 8.141900 -0.130873 0.444332 0.886251 0.000000 0.000000 0.000000 0.000000 1.000000
0.968297 -0.126102 0.215637 0.000000 0.207418 0.886922 -0.412731 8.141900 -0.139207 0.444373 0.884960 0.000000 0.000000 0.000000 0.000000 1.000000
0.968227 -0.117623 0.220684 0.000000 0.202045 0.887955 -0.413176 8.141900 -0.147358 0.444636 0.883507 0.000000 0.000000 0.000000 0.000000 1.000000
0.968226 -0.108159 0.225477 0.000000 0.195854 0.888599 -0.414768 8.141900 -0.155498 0.445750 0.881548 -0.000000 0.000000 0.000000 0.000000 1.000000
0.967815 -0.111078 0.225821 0.000000 0.198290 0.889127 -0.412473 8.141900 -0.154966 0.443976 0.882537 0.000000 0.000000 0.000000 0.000000 1.000000
0.966244 -0.132002 0.221244 -0.000000 0.214340 0.888348 -0.406074 8.141900 -0.142939 0.439788 0.886654 0.000000 0.000000 0.000000 0.000000 1.000000
0.964925 -0.144067 0.219463 0.000000 0.224138 0.887336 -0.402985 8.141900 -0.136680 0.438041 0.888504 0.000000 0.000000 0.000000 0.000000 1.000000
0.964084 -0.150968 0.218521 0.000000 0.229970 0.886098 -0.402423 8.141900 -0.132878 0.438222 0.888991 0.000000 0.000000 0.000000 0.000000 1.000000
0.963602 -0.155419 0.217523 0.000000 0.233786 0.884542 -0.403646 8.141900 -0.129674 0.439808 0.888681 -0.000000 0.000000 0.000000 0.000000 1.000000
0.963665 -0.157094 0.216036 0.000000 0.234932 0.883331 -0.405627 8.141900 -0.127109 0.441643 0.888141 0.000000 0.000000 0.000000 0.000000 1.000000
0.964020 -0.156795 0.214665 0.000000 0.234420 0.882211 -0.408352 8.141900 -0.125352 0.443981 0.887225 0.000000 0.000000 0.000000 0.000000 1.000000
0.964408 -0.155891 0.213575 0.000000 0.233491 0.881143 -0.411180 8.141900 -0.124091 0.446413 0.886181 -0.000000 0.000000 0.000000 0.000000 1.000000
0.964959 -0.154057 0.212414 -0.000000 0.231616 0.880515 -0.413578 8.141900 -0.123319 0.448284 0.885344 0.000000 0.000000 0.000000 0.000000 1.000000
0.965563 -0.152265 0.210957 0.000000 0.229570 0.880160 -0.415472 8.141900 -0.122414 0.449594 0.884805 -0.000000 0.000000 0.000000 0.000000 1.000000
0.966173 -0.150905 0.209133 -0.000000 0.227776 0.879622 -0.417591 8.141900 -0.120942 0.451101 0.884240 0.000000 0.000000 0.000000 0.000000 1.000000
0.966516 -0.151534 0.207088 0.000000 0.227474 0.879439 -0.418142 8.141900 -0.118758 0.451248 0.884461 0.000000 0.000000 0.000000 0.000000 1.000000
0.966546 -0.154566 0.204689 0.000000 0.229069 0.879207 -0.417759 8.141900 -0.115393 0.450671 0.885200 0.000000 0.000000 0.000000 0.000000 1.000000
0.966064 -0.160998 0.201992 0.000000 0.233499 0.878690 -0.416391 8.141900 -0.110450 0.449425 0.886464 -0.000000 0.000000 0.000000 0.000000 1.000000
0.965293 -0.170693 0.197670 0.000000 0.240051 0.878029 -0.414055 8.141900 -0.102884 0.447135 0.888530 -0.000000 0.000000 0.000000 0.000000 1.000000
0.965167 -0.171407 0.197667 0.000000 0.240629 0.878157 -0.413447 8.141900 -0.102715 0.446610 0.888813 0.000000 0.000000 0.000000 0.000000 1.000000
0.965919 -0.165666 0.198883 0.000000 0.235809 0.880054 -0.412188 8.141900 -0.106743 0.445039 0.889127 0.000000 0.000000 0.000000 0.000000 1.000000
0.966666 -0.162192 0.198119 0.000000 0.232211 0.881334 -0.411495 8.141900 -0.107868 0.443784 0.889618 -0.000000 0.000000 0.000000 0.000000 1.000000
0.967005 -0.160845 0.197559 -0.000000 0.230676 0.881937 -0.411067 8.141900 -0.108116 0.443076 0.889941 0.000000 0.000000 0.000000 0.000000 1.000000
0.967117 -0.160746 0.197094 0.000000 0.230280 0.882406 -0.410283 8.141900 -0.107966 0.442178 0.890406 -0.000000 0.000000 0.000000 0.000000 1.000000
0.967126 -0.161240 0.196644 -0.000000 0.230485 0.882511 -0.409939 8.141900 -0.107442 0.441786 0.890663 0.000000 0.000000 0.000000 0.000000 1.000000
0.966905 -0.162500 0.196693 0.000000 0.231588 0.882489 -0.409365 8.141900 -0.107058 0.441369 0.890916 0.000000 0.000000 0.000000 0.000000 1.000000
0.966793 -0.162878 0.196934 0.000000 0.231982 0.882615 -0.408871 8.141900 -0.107221 0.440979 0.891090 0.000000 0.000000 0.000000 0.000000 1.000000
0.966734 -0.163004 0.197115 -0.000000 0.232206 0.882456 -0.409086 8.141900 -0.107263 0.441249 0.890951 0.000000 0.000000 0.000000 0.000000 1.000000</float_array>
        <technique_common>
          <accessor source="#mixamorig_Spine2-Matrix-animation-output-transform-array" count="31" stride="16">
            <param type="float4x4"/>
          </accessor>
        </technique_common>
      </source>
      <source id="mixamorig_Spine2-Interpolations">
        <Name_array id="mixamorig_Spine2-Interpolations-array" count="31">
 LINEAR LINEAR LINEAR LINEAR LINEAR LINEAR LINEAR LINEAR LINEAR LINEAR LINEAR
LINEAR LINEAR LINEAR LINEAR LINEAR LINEAR LINEAR LINEAR LINEAR LINEAR LINEAR LINEAR
LINEAR LINEAR LINEAR LINEAR LINEAR LINEAR LINEAR LINEAR</Name_array>
        <technique_common>
          <accessor source="#mixamorig_Spine2-Interpolations-array" count="31">
            <param type="name"/>
          </accessor>
        </technique_common>
      </source>
      <sampler id="mixamorig_Spine2-Matrix-animation-transform">
        <input semantic="INPUT" source="#mixamorig_Spine2-Matrix-animation-input"/>
        <input semantic="OUTPUT" source="#mixamorig_Spine2-Matrix-animation-output-transform"/>
        <input semantic="INTERPOLATION" source="#mixamorig_Spine2-Interpolations"/>
      </sampler>
      <channel source="#mixamorig_Spine2-Matrix-animation-transform" target="mixamorig_Spine2/matrix"/>
    </animation>
    <animation id="mixamorig_Neck-anim" name="mixamorig_Neck">
      <source id="mixamorig_Neck-Matrix-animation-input">
        <float_array id="mixamorig_Neck-Matrix-animation-input-array" count="31">

0.000000 0.033333 0.066667 0.100000 0.133333 0.166667 0.200000 0.233333 0.266667 0.300000 0.333333 0.366667 0.400000 0.433333 0.466667 0.500000
0.533333 0.566667 0.600000 0.633333 0.666667 0.700000 0.733333 0.766667 0.800000 0.833333 0.866667 0.900000 0.933333 0.966667 1.000000</float_array>
        <technique_common>
          <accessor source="#mixamorig_Neck-Matrix-animation-input-array" count="31">
            <param name="TIME" type="float"/>
          </accessor>
        </technique_common>
      </source>
      <source id="mixamorig_Neck-Matrix-animation-output-transform">
        <float_array id="mixamorig_Neck-Matrix-animation-output-transform-array" count="496">

0.997869 -0.002701 0.065196 -0.112200 -0.003996 0.994738 0.102373 18.919500 -0.065130 -0.102416 0.992607 -3.736100 0.000000 0.000000 0.000000 1.000000
0.997608 -0.003722 0.069031 -0.112200 -0.003389 0.994716 0.102608 18.919500 -0.069048 -0.102596 0.992324 -3.736100 0.000000 0.000000 0.000000 1.000000
0.997256 -0.004998 0.073867 -0.112200 -0.002637 0.994688 0.102898 18.919500 -0.073989 -0.102810 0.991945 -3.736100 0.000000 0.000000 0.000000 1.000000
0.996852 -0.006388 0.079032 -0.112200 -0.001810 0.994657 0.103219 18.919500 -0.079269 -0.103037 0.991514 -3.736100 0.000000 0.000000 0.000000 1.000000
0.996447 -0.007681 0.083871 -0.112200 -0.001046 0.994626 0.103527 18.919500 -0.084215 -0.103247 0.991084 -3.736100 0.000000 0.000000 0.000000 1.000000
0.996108 -0.008701 0.087716 -0.112200 -0.000451 0.994601 0.103772 18.919500 -0.088146 -0.103408 0.990726 -3.736100 0.000000 0.000000 0.000000 1.000000
0.995907 -0.009289 0.089906 -0.112200 -0.000103 0.994588 0.103901 18.919500 -0.090384 -0.103485 0.990516 -3.736100 0.000000 0.000000 0.000000 1.000000
0.995896 -0.009307 0.090021 -0.112200 -0.000097 0.994588 0.103901 18.919500 -0.090501 -0.103483 0.990505 -3.736100 0.000000 0.000000 0.000000 1.000000
0.995993 -0.009047 0.088977 -0.112200 -0.000244 0.994593 0.103851 18.919500 -0.089435 -0.103457 0.990605 -3.736100 0.000000 0.000000 0.000000 1.000000
0.996163 -0.008527 0.087101 -0.112200 -0.000556 0.994605 0.103730 18.919500 -0.087516 -0.103380 0.990784 -3.736100 0.000000 0.000000 0.000000 1.000000
0.996388 -0.007864 0.084555 -0.112200 -0.000939 0.994622 0.103568 18.919500 -0.084915 -0.103273 0.991022 -3.736100 0.000000 0.000000 0.000000 1.000000
0.996647 -0.007057 0.081521 -0.112200 -0.001412 0.994642 0.103368 18.919500 -0.081814 -0.103137 0.991297 -3.736100 0.000000 0.000000 0.000000 1.000000
0.996921 -0.006158 0.078167 -0.112200 -0.001945 0.994663 0.103160 18.919500 -0.078385 -0.102994 0.991589 -3.736100 0.000000 0.000000 0.000000 1.000000
0.997195 -0.005227 0.074662 -0.112200 -0.002493 0.994685 0.102932 18.919500 -0.074804 -0.102829 0.991882 -3.736100 0.000000 0.000000 0.000000 1.000000
0.997454 -0.004300 0.071183 -0.112200 -0.003043 0.994704 0.102736 18.919500 -0.071248 -0.102691 0.992158 -3.736100 0.000000 0.000000 0.000000 1.000000
0.997686 -0.003430 0.067899 -0.112200 -0.003559 0.994723 0.102537 18.919500 -0.067893 -0.102541 0.992409 -3.736100 0.000000 0.000000 0.000000 1.000000
0.997890 -0.002619 0.064873 -0.112200 -0.004044 0.994740 0.102352 18.919500 -0.064800 -0.102399 0.992631 -3.736100 0.000000 0.000000 0.000000 1.000000
0.998075 -0.001863 0.061996 -0.112200 -0.004490 0.994755 0.102185 18.919500 -0.061861 -0.102266 0.992832 -3.736100 0.000000 0.000000 0.000000 1.000000
0.998234 -0.001161 0.059389 -0.112200 -0.004913 0.994769 0.102027 18.919500 -0.059197 -0.102139 0.993007 -3.736100 0.000000 0.000000 0.000000 1.000000
0.998364 -0.000581 0.057174 -0.112200 -0.005259 0.994777 0.101934 18.919500 -0.056935 -0.102068 0.993147 -3.736100 0.000000 0.000000 0.000000 1.000000
0.998460 -0.000125 0.055474 -0.112200 -0.005536 0.994781 0.101879 18.919500 -0.055197 -0.102029 0.993249 -3.736100 0.000000 0.000000 0.000000 1.000000
0.998519 0.000125 0.054412 -0.112200 -0.005674 0.994784 0.101843 18.919500 -0.054116 -0.102001 0.993311 -3.736100 0.000000 0.000000 0.000000 1.000000
0.998543 0.000219 0.053967 -0.112200 -0.005722 0.994786 0.101823 18.919500 -0.053663 -0.101984 0.993338 -3.736100 0.000000 0.000000 0.000000 1.000000
0.998547 0.000232 0.053887 -0.112200 -0.005726 0.994787 0.101818 18.919500 -0.053582 -0.101978 0.993343 -3.736100 0.000000 0.000000 0.000000 1.000000
0.998531 0.000167 0.054182 -0.112200 -0.005692 0.994786 0.101825 18.919500 -0.053883 -0.101984 0.993326 -3.736100 0.000000 0.000000 0.000000 1.000000
0.998493 0.000028 0.054876 -0.112200 -0.005625 0.994784 0.101845 18.919500 -0.054587 -0.102000 0.993286 -3.736100 0.000000 0.000000 0.000000 1.000000
0.998431 -0.000264 0.055994 -0.112200 -0.005451 0.994782 0.101881 18.919500 -0.055728 -0.102026 0.993219 -3.736100 0.000000 0.000000 0.000000 1.000000
0.998342 -0.000677 0.057555 -0.112200 -0.005202 0.994778 0.101931 18.919500 -0.057324 -0.102062 0.993125 -3.736100 0.000000 0.000000 0.000000 1.000000
0.998222 -0.001218 0.059595 -0.112200 -0.004878 0.994767 0.102049 18.919500 -0.059408 -0.102159 0.992993 -3.736100 0.000000 0.000000 0.000000 1.000000
0.998066 -0.001893 0.062132 -0.112200 -0.004475 0.994755 0.102189 18.919500 -0.061999 -0.102270 0.992823 -3.736100 0.000000 0.000000 0.000000 1.000000
0.997869 -0.002705 0.065195 -0.112200 -0.003992 0.994738 0.102378 18.919500 -0.065129 -0.102420 0.992607 -3.736100 0.000000 0.000000 0.000000 1.000000</float_array>
        <technique_common>
          <accessor source="#mixamorig_Neck-Matrix-animation-output-transform-array" count="31" stride="16">
            <param type="float4x4"/>
          </accessor>
        </technique_common>
      </source>
      <source id="mixamorig_Neck-Interpolations">
        <Name_array id="mixamorig_Neck-Interpolations-array" count="31">
 LINEAR LINEAR LINEAR LINEAR LINEAR LINEAR LINEAR LINEAR LINEAR LINEAR LINEAR
LINEAR LINEAR LINEAR LINEAR LINEAR LINEAR LINEAR LINEAR LINEAR LINEAR LINEAR LINEAR
LINEAR LINEAR LINEAR LINEAR LINEAR LINEAR LINEAR LINEAR</Name_array>
        <technique_common>
          <accessor source="#mixamorig_Neck-Interpolations-array" count="31">
            <param type="name"/>
          </accessor>
        </technique_common>
      </source>
      <sampler id="mixamorig_Neck-Matrix-animation-transform">
        <input semantic="INPUT" source="#mixamorig_Neck-Matrix-animation-input"/>
        <input semantic="OUTPUT" source="#mixamorig_Neck-Matrix-animation-output-transform"/>
        <input semantic="INTERPOLATION" source="#mixamorig_Neck-Interpolations"/>
      </sampler>
      <channel source="#mixamorig_Neck-Matrix-animation-transform" target="mixamorig_Neck/matrix"/>
    </animation>
    <animation id="mixamorig_Head-anim" name="mixamorig_Head">
      <source id="mixamorig_Head-Matrix-animation-input">
        <float_array id="mixamorig_Head-Matrix-animation-input-array" count="31">

0.000000 0.033333 0.066667 0.100000 0.133333 0.166667 0.200000 0.233333 0.266667 0.300000 0.333333 0.366667 0.400000 0.433333 0.466667 0.500000
0.533333 0.566667 0.600000 0.633333 0.666667 0.700000 0.733333 0.766667 0.800000 0.833333 0.866667 0.900000 0.933333 0.966667 1.000000</float_array>
        <technique_common>
          <accessor source="#mixamorig_Head-Matrix-animation-input-array" count="31">
            <param name="TIME" type="float"/>
          </accessor>
        </technique_common>
      </source>
      <source id="mixamorig_Head-Matrix-animation-output-transform">
        <float_array id="mixamorig_Head-Matrix-animation-output-transform-array" count="496">

0.850326 0.197096 0.487955 -0.000000 -0.253427 0.965986 0.051446 8.673000 -0.461217 -0.167407 0.871352 3.319300 0.000000 0.000000 0.000000 1.000000
0.846864 0.194995 0.494771 0.000000 -0.252911 0.966083 0.052146 8.673000 -0.467822 -0.169294 0.867457 3.319300 0.000000 0.000000 0.000000 1.000000
0.842435 0.192293 0.503315 0.000000 -0.252285 0.966193 0.053130 8.673000 -0.476083 -0.171737 0.862468 3.319300 0.000000 0.000000 0.000000 1.000000
0.837598 0.189389 0.512408 -0.000000 -0.251663 0.966294 0.054229 8.673000 -0.484867 -0.174376 0.857028 3.319300 0.000000 0.000000 0.000000 1.000000
0.832993 0.186599 0.520867 0.000000 -0.251051 0.966394 0.055283 8.673000 -0.493047 -0.176814 0.851846 3.319300 0.000000 0.000000 0.000000 1.000000
0.829281 0.184352 0.527548 0.000000 -0.250559 0.966473 0.056133 8.673000 -0.499512 -0.178732 0.847669 3.319300 0.000000 0.000000 0.000000 1.000000
0.827145 0.183047 0.531343 0.000000 -0.250263 0.966521 0.056620 8.673000 -0.503190 -0.179808 0.845263 3.319300 0.000000 0.000000 0.000000 1.000000
0.827042 0.182952 0.531535 0.000000 -0.250232 0.966526 0.056674 8.673000 -0.503374 -0.179879 0.845138 3.319300 0.000000 0.000000 0.000000 1.000000
0.828061 0.183560 0.529736 0.000000 -0.250368 0.966503 0.056459 8.673000 -0.501628 -0.179380 0.846282 3.319300 0.000000 0.000000 0.000000 1.000000
0.829903 0.184620 0.526476 -0.000000 -0.250561 0.966477 0.056053 8.673000 -0.498478 -0.178433 0.848340 3.319300 0.000000 0.000000 0.000000 1.000000
0.832353 0.186115 0.522062 0.000000 -0.250889 0.966425 0.055476 8.673000 -0.494209 -0.177155 0.851101 3.319300 0.000000 0.000000 0.000000 1.000000
0.835259 0.187890 0.516760 0.000000 -0.251289 0.966359 0.054809 8.673000 -0.489077 -0.175636 0.854374 3.319300 0.000000 0.000000 0.000000 1.000000
0.838422 0.189846 0.510888 -0.000000 -0.251751 0.966280 0.054081 8.673000 -0.483393 -0.173959 0.857945 3.319300 0.000000 0.000000 0.000000 1.000000
0.841686 0.191866 0.504730 -0.000000 -0.252213 0.966203 0.053301 8.673000 -0.477445 -0.172162 0.861630 3.319300 0.000000 0.000000 0.000000 1.000000
0.844879 0.193880 0.498588 0.000000 -0.252689 0.966122 0.052508 8.673000 -0.471516 -0.170351 0.865247 3.319300 0.000000 0.000000 0.000000 1.000000
0.847856 0.195760 0.492766 0.000000 -0.253156 0.966037 0.051807 8.673000 -0.465889 -0.168671 0.868618 3.319300 0.000000 0.000000 0.000000 1.000000
0.850564 0.197493 0.487379 0.000000 -0.253595 0.965957 0.051149 8.673000 -0.460685 -0.167102 0.871691 3.319300 0.000000 0.000000 0.000000 1.000000
0.853111 0.199097 0.482247 0.000000 -0.253995 0.965883 0.050559 8.673000 -0.455728 -0.165621 0.874575 3.319300 0.000000 0.000000 0.000000 1.000000
0.855400 0.200523 0.477579 0.000000 -0.254356 0.965814 0.050061 8.673000 -0.451214 -0.164297 0.877161 3.319300 0.000000 0.000000 0.000000 1.000000
0.857322 0.201732 0.473607 0.000000 -0.254667 0.965754 0.049635 8.673000 -0.447375 -0.163165 0.879336 3.319300 0.000000 0.000000 0.000000 1.000000
0.858787 0.202658 0.470547 0.000000 -0.254904 0.965709 0.049303 8.673000 -0.444419 -0.162285 0.880997 3.319300 0.000000 0.000000 0.000000 1.000000
0.859703 0.203191 0.468641 0.000000 -0.255024 0.965686 0.049134 8.673000 -0.442576 -0.161755 0.882022 3.319300 0.000000 0.000000 0.000000 1.000000
0.860089 0.203398 0.467841 0.000000 -0.255066 0.965677 0.049083 8.673000 -0.441800 -0.161546 0.882448 3.319300 0.000000 0.000000 0.000000 1.000000
0.860158 0.203420 0.467706 0.000000 -0.255071 0.965675 0.049098 8.673000 -0.441665 -0.161530 0.882519 3.319300 0.000000 0.000000 0.000000 1.000000
0.859904 0.203290 0.468229 0.000000 -0.255042 0.965682 0.049119 8.673000 -0.442175 -0.161655 0.882241 3.319300 0.000000 0.000000 0.000000 1.000000
0.859302 0.202962 0.469475 -0.000000 -0.254984 0.965692 0.049223 8.673000 -0.443378 -0.162006 0.881572 3.319300 0.000000 0.000000 0.000000 1.000000
0.858342 0.202368 0.471483 0.000000 -0.254833 0.965721 0.049423 8.673000 -0.445320 -0.162571 0.880489 3.319300 0.000000 0.000000 0.000000 1.000000
0.856991 0.201529 0.474291 0.000000 -0.254618 0.965763 0.049708 8.673000 -0.448035 -0.163362 0.878964 3.319300 0.000000 0.000000 0.000000 1.000000
0.855211 0.200450 0.477947 0.000000 -0.254351 0.965816 0.050059 8.673000 -0.451574 -0.164377 0.876961 3.319300 0.000000 0.000000 0.000000 1.000000
0.852979 0.199073 0.482490 -0.000000 -0.254005 0.965882 0.050529 8.673000 -0.455970 -0.165655 0.874443 3.319300 0.000000 0.000000 0.000000 1.000000
0.850250 0.197423 0.487954 -0.000000 -0.253596 0.965961 0.051065 8.673000 -0.461264 -0.167161 0.871374 3.319300 0.000000 0.000000 0.000000 1.000000</float_array>
        <technique_common>
          <accessor source="#mixamorig_Head-Matrix-animation-output-transform-array" count="31" stride="16">
            <param type="float4x4"/>
          </accessor>
