<?xml version="1.0" encoding="utf-8"?>
<COLLADA xmlns="http://www.collada.org/2005/11/COLLADASchema" version="1.4.1">
  <asset>
    <contributor>
      <author>Mixamo</author>
      <authoring_tool>COLLADA Mixamo exporter</authoring_tool>
      <comments/>
    </contributor>
    <created>2024-06-04T21:00:41Z</created>
    <modified>2024-06-04T21:00:41Z</modified>
    <revision/>
    <title/>
    <unit meter="0.010000"/>
    <up_axis>Y_UP</up_axis>
  </asset>
  <library_animations>
    <animation id="mixamorig_Hips-anim" name="mixamorig_Hips">
      <source id="mixamorig_Hips-Matrix-animation-input">
        <float_array id="mixamorig_Hips-Matrix-animation-input-array" count="31">

0.000000 0.033333 0.066667 0.100000 0.133333 0.166667 0.200000 0.233333 0.266667 0.300000 0.333333 0.366667 0.400000 0.433333 0.466667 0.500000
0.533333 0.566667 0.600000 0.633333 0.666667 0.700000 0.733333 0.766667 0.800000 0.833333 0.866667 0.900000 0.933333 0.966667 1.000000</float_array>
        <technique_common>
          <accessor source="#mixamorig_Hips-Matrix-animation-input-array" count="31">
            <param name="TIME" type="float"/>
          </accessor>
        </technique_common>
      </source>
      <source id="mixamorig_Hips-Matrix-animation-output-transform">
        <float_array id="mixamorig_Hips-Matrix-animation-output-transform-array" count="496">

0.763262 0.115768 -0.635633 -0.683823 -0.096011 0.993216 0.065606 89.535957 0.638916 0.010953 0.769199 1.239699 0.000000 0.000000 0.000000 1.000000
0.745203 0.109999 -0.657703 -0.737542 -0.094701 0.993762 0.058903 90.380997 0.660079 0.018390 0.750971 -0.091299 0.000000 0.000000 0.000000 1.000000
0.724483 0.101746 -0.681742 -0.782037 -0.091279 0.994497 0.051421 91.012772 0.683222 0.024975 0.729783 -1.148317 0.000000 0.000000 0.000000 1.000000
0.702585 0.091968 -0.705632 -0.800562 -0.086435 0.995300 0.043660 91.371468 0.706331 0.030316 0.707232 -2.108304 0.000000 0.000000 0.000000 1.000000
0.681331 0.081783 -0.727392 -0.775156 -0.081001 0.996059 0.036119 91.462181 0.727480 0.034310 0.685270 -3.048641 0.000000 0.000000 0.000000 1.000000
0.662450 0.073254 -0.745516 -0.689772 -0.077204 0.996584 0.029322 91.353233 0.745117 0.038133 0.665843 -3.602461 0.000000 0.000000 0.000000 1.000000
0.647913 0.067472 -0.758721 -0.408681 -0.075954 0.996828 0.023785 90.945465 0.757918 0.042217 0.650982 -3.782794 0.000000 0.000000 0.000000 1.000000
0.639829 0.065174 -0.765749 0.044961 -0.077582 0.996785 0.020013 90.369835 0.764591 0.046604 0.642828 -3.528827 0.000000 0.000000 0.000000 1.000000
0.639913 0.064644 -0.765724 0.549572 -0.078885 0.996717 0.018221 89.440430 0.764388 0.048744 0.642911 -2.546581 0.000000 0.000000 0.000000 1.000000
0.646472 0.066165 -0.760063 1.087568 -0.081206 0.996540 0.017682 88.291412 0.758604 0.050291 0.649609 -1.522536 0.000000 0.000000 0.000000 1.000000
0.658413 0.067650 -0.749610 1.600455 -0.081658 0.996494 0.018207 86.900215 0.748214 0.049224 0.661629 -1.032008 0.000000 0.000000 0.000000 1.000000
0.675145 0.067469 -0.734593 2.090303 -0.078221 0.996742 0.019655 86.230156 0.733526 0.044191 0.678223 -0.952859 0.000000 0.000000 0.000000 1.000000
0.695315 0.063868 -0.715861 2.534800 -0.069009 0.997374 0.021955 86.880142 0.715384 0.034136 0.697897 -1.509627 0.000000 0.000000 0.000000 1.000000
0.718115 0.060722 -0.693270 2.967193 -0.060300 0.997869 0.024941 87.627411 0.693307 0.023894 0.720246 -2.678541 0.000000 0.000000 0.000000 1.000000
0.742100 0.059934 -0.667604 3.390728 -0.054951 0.998082 0.028520 88.872803 0.668033 0.015521 0.743970 -3.793819 0.000000 0.000000 0.000000 1.000000
0.766040 0.061189 -0.639874 3.759952 -0.052516 0.998089 0.032574 89.920128 0.640644 0.008651 0.767789 -5.097014 0.000000 0.000000 0.000000 1.000000
0.788822 0.064137 -0.611266 3.984740 -0.052491 0.997937 0.036971 90.788910 0.612376 0.002923 0.790561 -6.549898 0.000000 0.000000 0.000000 1.000000
0.809749 0.067664 -0.582862 4.089309 -0.053464 0.997705 0.041547 91.335587 0.584336 -0.002480 0.811508 -7.580296 0.000000 0.000000 0.000000 1.000000
0.828370 0.071611 -0.555585 4.155352 -0.055293 0.997405 0.046117 91.304214 0.557445 -0.007482 0.830180 -8.550767 0.000000 0.000000 0.000000 1.000000
0.844313 0.075294 -0.530533 4.123650 -0.057182 0.997085 0.050505 90.532532 0.532790 -0.012305 0.846158 -9.355307 0.000000 0.000000 0.000000 1.000000
0.857117 0.080089 -0.508857 3.906224 -0.060753 0.996662 0.054533 89.423599 0.511526 -0.015826 0.859122 -9.997078 0.000000 0.000000 0.000000 1.000000
0.866424 0.084330 -0.492135 3.520971 -0.063988 0.996260 0.058063 88.245758 0.495191 -0.018816 0.868580 -10.100322 0.000000 0.000000 0.000000 1.000000
0.871818 0.086875 -0.482065 3.018611 -0.065531 0.995986 0.060979 87.310951 0.485427 -0.021572 0.874011 -8.978383 0.000000 0.000000 0.000000 1.000000
0.873014 0.086734 -0.479921 2.437913 -0.064233 0.995935 0.063145 86.706505 0.483447 -0.024300 0.875036 -7.391992 0.000000 0.000000 0.000000 1.000000
0.869143 0.085013 -0.487200 1.844877 -0.061177 0.996030 0.064664 86.773575 0.490763 -0.026397 0.870893 -5.414536 0.000000 0.000000 0.000000 1.000000
0.861503 0.088884 -0.499913 1.294485 -0.064701 0.995750 0.065544 86.146912 0.503614 -0.024122 0.863592 -4.053916 0.000000 0.000000 0.000000 1.000000
0.847673 0.096896 -0.521595 0.820408 -0.073018 0.995131 0.066199 86.035904 0.525470 -0.018029 0.850621 -3.651519 0.000000 0.000000 0.000000 1.000000
0.828783 0.103196 -0.549973 0.360828 -0.079582 0.994594 0.066697 86.669189 0.553883 -0.011510 0.832515 -3.300924 0.000000 0.000000 0.000000 1.000000
0.807040 0.108058 -0.580525 -0.108811 -0.085012 0.994134 0.066864 87.639694 0.584345 -0.004611 0.811492 -2.051635 0.000000 0.000000 0.000000 1.000000
0.784423 0.112780 -0.609887 -0.511296 -0.091121 0.993614 0.066542 88.608513 0.613497 0.003377 0.789690 -0.370832 0.000000 0.000000 0.000000 1.000000
0.763262 0.115770 -0.635633 -0.683804 -0.096013 0.993216 0.065606 89.535568 0.638916 0.010954 0.769199 1.239692 0.000000 0.000000 0.000000 1.000000</float_array>
        <technique_common>
          <accessor source="#mixamorig_Hips-Matrix-animation-output-transform-array" count="31" stride="16">
            <param type="float4x4"/>
          </accessor>
        </technique_common>
      </source>
      <source id="mixamorig_Hips-Interpolations">
        <Name_array id="mixamorig_Hips-Interpolations-array" count="31">
 LINEAR LINEAR LINEAR LINEAR LINEAR LINEAR LINEAR LINEAR LINEAR LINEAR LINEAR
LINEAR LINEAR LINEAR LINEAR LINEAR LINEAR LINEAR LINEAR LINEAR LINEAR LINEAR LINEAR
LINEAR LINEAR LINEAR LINEAR LINEAR LINEAR LINEAR LINEAR</Name_array>
        <technique_common>
          <accessor source="#mixamorig_Hips-Interpolations-array" count="31">
            <param type="name"/>
          </accessor>
        </technique_common>
      </source>
      <sampler id="mixamorig_Hips-Matrix-animation-transform">
        <input semantic="INPUT" source="#mixamorig_Hips-Matrix-animation-input"/>
        <input semantic="OUTPUT" source="#mixamorig_Hips-Matrix-animation-output-transform"/>
        <input semantic="INTERPOLATION" source="#mixamorig_Hips-Interpolations"/>
      </sampler>
      <channel source="#mixamorig_Hips-Matrix-animation-transform" target="mixamorig_Hips/matrix"/>
    </animation>
    <animation id="mixamorig_Spine-anim" name="mixamorig_Spine">
      <source id="mixamorig_Spine-Matrix-animation-input">
        <float_array id="mixamorig_Spine-Matrix-animation-input-array" count="31">

0.000000 0.033333 0.066667 0.100000 0.133333 0.166667 0.200000 0.233333 0.266667 0.300000 0.333333 0.366667 0.400000 0.433333 0.466667 0.500000
0.533333 0.566667 0.600000 0.633333 0.666667 0.700000 0.733333 0.766667 0.800000 0.833333 0.866667 0.900000 0.933333 0.966667 1.000000</float_array>
        <technique_common>
          <accessor source="#mixamorig_Spine-Matrix-animation-input-array" count="31">
            <param name="TIME" type="float"/>
          </accessor>
        </technique_common>
      </source>
      <source id="mixamorig_Spine-Matrix-animation-output-transform">
        <float_array id="mixamorig_Spine-Matrix-animation-output-transform-array" count="496">

0.999816 0.018214 0.006086 0.004700 -0.017204 0.990350 -0.137516 5.245300 -0.008532 0.137386 0.990481 0.258800 0.000000 0.000000 0.000000 1.000000
0.999501 0.021094 0.023504 0.004700 -0.018054 0.992266 -0.122806 5.245300 -0.025913 0.122320 0.992152 0.258800 0.000000 0.000000 0.000000 1.000000
0.998795 0.025634 0.041842 0.004700 -0.021038 0.994059 -0.106790 5.245300 -0.044331 0.105781 0.993401 0.258800 0.000000 0.000000 0.000000 1.000000
0.997651 0.032062 0.060536 0.004700 -0.026423 0.995431 -0.091754 5.245300 -0.063202 0.089939 0.993940 0.258800 0.000000 0.000000 0.000000 1.000000
0.996187 0.038135 0.078462 0.004700 -0.031876 0.996322 -0.079539 5.245300 -0.081206 0.076735 0.993739 0.258800 0.000000 0.000000 0.000000 1.000000
0.994657 0.041798 0.094399 0.004700 -0.035263 0.996933 -0.069860 5.245300 -0.097029 0.066158 0.993080 0.258800 0.000000 0.000000 0.000000 1.000000
0.993510 0.038955 0.106867 0.004700 -0.032105 0.997363 -0.065083 5.245300 -0.109121 0.061229 0.992141 0.258800 0.000000 0.000000 0.000000 1.000000
0.993016 0.028483 0.114486 0.004700 -0.021162 0.997683 -0.064656 5.245300 -0.116063 0.061781 0.991319 0.258800 0.000000 0.000000 0.000000 1.000000
0.993131 0.015745 0.115942 0.004700 -0.007848 0.997637 -0.068250 5.245300 -0.116742 0.066872 0.990908 0.258800 0.000000 0.000000 0.000000 1.000000
0.993586 0.003261 0.113035 0.004700 0.005390 0.997083 -0.076139 5.245300 -0.112953 0.076259 0.990670 0.258800 0.000000 0.000000 0.000000 1.000000
0.994228 -0.007251 0.107046 0.004700 0.016721 0.995994 -0.087837 5.245300 -0.105980 0.089120 0.990366 0.258800 0.000000 0.000000 0.000000 1.000000
0.995146 -0.012825 0.097569 0.004700 0.022958 0.994370 -0.103449 5.245300 -0.095692 0.105187 0.989838 0.258800 0.000000 0.000000 0.000000 1.000000
0.996174 -0.009859 0.086831 0.004700 0.020832 0.991761 -0.126394 5.245300 -0.084870 0.127719 0.988172 0.258800 0.000000 0.000000 0.000000 1.000000
0.997313 -0.007188 0.072910 0.004700 0.018375 0.987908 -0.153947 5.245300 -0.070921 0.154873 0.985385 0.258800 0.000000 0.000000 0.000000 1.000000
0.998297 -0.009931 0.057477 0.004700 0.020386 0.982661 -0.184285 5.245300 -0.054650 0.185143 0.981191 0.258800 0.000000 0.000000 0.000000 1.000000
0.999002 -0.017498 0.041097 0.004700 0.025893 0.976575 -0.213616 5.245300 -0.036397 0.214467 0.976053 0.258800 0.000000 0.000000 0.000000 1.000000
0.999347 -0.025620 0.025462 0.004700 0.031010 0.970007 -0.241092 5.245300 -0.018522 0.241725 0.970168 0.258800 0.000000 0.000000 0.000000 1.000000
0.999337 -0.034788 0.010772 0.004700 0.036400 0.963339 -0.265808 5.245300 -0.001130 0.266024 0.963966 0.258800 0.000000 0.000000 0.000000 1.000000
0.998835 -0.048145 -0.003164 0.004700 0.045250 0.957497 -0.284873 5.245300 0.016744 0.284398 0.958560 0.258800 0.000000 0.000000 0.000000 1.000000
0.997970 -0.061560 -0.016314 0.004700 0.053936 0.953207 -0.297469 5.245300 0.033862 0.295985 0.954592 0.258800 0.000000 0.000000 0.000000 1.000000
0.997098 -0.070847 -0.027878 0.004700 0.059219 0.951829 -0.300855 5.245300 0.047850 0.298331 0.953262 0.258800 0.000000 0.000000 0.000000 1.000000
0.996468 -0.075166 -0.037440 0.004700 0.060779 0.953226 -0.296084 5.245300 0.057945 0.292763 0.954428 0.258800 0.000000 0.000000 0.000000 1.000000
0.996320 -0.073787 -0.043609 0.004700 0.058414 0.956890 -0.284516 5.245300 0.062723 0.280922 0.957679 0.258800 0.000000 0.000000 0.000000 1.000000
0.996671 -0.067166 -0.046204 0.004700 0.052425 0.962076 -0.267698 5.245300 0.062432 0.264385 0.962394 0.258800 0.000000 0.000000 0.000000 1.000000
0.997783 -0.049865 -0.044070 0.004700 0.037072 0.966445 -0.254184 5.245300 0.055266 0.251987 0.966151 0.258800 0.000000 0.000000 0.000000 1.000000
0.998476 -0.035312 -0.042420 0.004700 0.024154 0.970611 -0.239439 5.245300 0.049628 0.238050 0.969984 0.258800 0.000000 0.000000 0.000000 1.000000
0.999116 -0.022264 -0.035647 0.004700 0.013806 0.974956 -0.221970 5.245300 0.039697 0.221282 0.974402 0.258800 0.000000 0.000000 0.000000 1.000000
0.999659 -0.007028 -0.025157 0.004700 0.001814 0.979476 -0.201551 5.245300 0.026057 0.201437 0.979155 0.258800 0.000000 0.000000 0.000000 1.000000
0.999881 0.007635 -0.013437 0.004700 -0.009915 0.983836 -0.178800 5.245300 0.011855 0.178911 0.983794 0.258800 0.000000 0.000000 0.000000 1.000000
0.999848 0.017272 -0.002490 0.004700 -0.017449 0.987637 -0.155784 5.245300 -0.000231 0.155804 0.987788 0.258800 0.000000 0.000000 0.000000 1.000000
0.999830 0.017531 0.005741 0.004700 -0.016560 0.990096 -0.139414 5.245300 -0.008128 0.139295 0.990218 0.258800 0.000000 0.000000 0.000000 1.000000</float_array>
        <technique_common>
          <accessor source="#mixamorig_Spine-Matrix-animation-output-transform-array" count="31" stride="16">
            <param type="float4x4"/>
          </accessor>
        </technique_common>
      </source>
      <source id="mixamorig_Spine-Interpolations">
        <Name_array id="mixamorig_Spine-Interpolations-array" count="31">
 LINEAR LINEAR LINEAR LINEAR LINEAR LINEAR LINEAR LINEAR LINEAR LINEAR LINEAR
LINEAR LINEAR LINEAR LINEAR LINEAR LINEAR LINEAR LINEAR LINEAR LINEAR LINEAR LINEAR
LINEAR LINEAR LINEAR LINEAR LINEAR LINEAR LINEAR LINEAR</Name_array>
        <technique_common>
          <accessor source="#mixamorig_Spine-Interpolations-array" count="31">
            <param type="name"/>
          </accessor>
        </technique_common>
      </source>
      <sampler id="mixamorig_Spine-Matrix-animation-transform">
        <input semantic="INPUT" source="#mixamorig_Spine-Matrix-animation-input"/>
        <input semantic="OUTPUT" source="#mixamorig_Spine-Matrix-animation-output-transform"/>
        <input semantic="INTERPOLATION" source="#mixamorig_Spine-Interpolations"/>
      </sampler>
      <channel source="#mixamorig_Spine-Matrix-animation-transform" target="mixamorig_Spine/matrix"/>
    </animation>
    <animation id="mixamorig_Spine1-anim" name="mixamorig_Spine1">
      <source id="mixamorig_Spine1-Matrix-animation-input">
        <float_array id="mixamorig_Spine1-Matrix-animation-input-array" count="31">

0.000000 0.033333 0.066667 0.100000 0.133333 0.166667 0.200000 0.233333 0.266667 0.300000 0.333333 0.366667 0.400000 0.433333 0.466667 0.500000
0.533333 0.566667 0.600000 0.633333 0.666667 0.700000 0.733333 0.766667 0.800000 0.833333 0.866667 0.900000 0.933333 0.966667 1.000000</float_array>
        <technique_common>
          <accessor source="#mixamorig_Spine1-Matrix-animation-input-array" count="31">
            <param name="TIME" type="float"/>
          </accessor>
        </technique_common>
      </source>
      <source id="mixamorig_Spine1-Matrix-animation-output-transform">
        <float_array id="mixamorig_Spine1-Matrix-animation-output-transform-array" count="496">

0.975016 -0.084336 0.205503 0.000000 0.124866 0.973214 -0.193036 11.066900 -0.183718 0.213873 0.959430 -0.000000 0.000000 0.000000 0.000000 1.000000
0.974702 -0.084469 0.206934 0.000000 0.126015 0.972341 -0.196655 11.066900 -0.184599 0.217757 0.958387 0.000000 0.000000 0.000000 0.000000 1.000000
0.974748 -0.081947 0.207731 0.000000 0.124128 0.972113 -0.198969 11.066900 -0.185633 0.219729 0.957737 0.000000 0.000000 0.000000 0.000000 1.000000
0.974851 -0.078811 0.208455 0.000000 0.121392 0.972221 -0.200127 11.066900 -0.186892 0.220399 0.957338 -0.000000 0.000000 0.000000 0.000000 1.000000
0.974956 -0.074278 0.209628 0.000000 0.117027 0.972873 -0.199558 11.066900 -0.189119 0.219092 0.957200 0.000000 0.000000 0.000000 0.000000 1.000000
0.975028 -0.070217 0.210690 0.000000 0.113040 0.973525 -0.198675 11.066900 -0.191162 0.217530 0.957151 0.000000 0.000000 0.000000 0.000000 1.000000
0.975157 -0.065908 0.211481 -0.000000 0.108654 0.974288 -0.197374 11.066900 -0.193035 0.215449 0.957246 0.000000 0.000000 0.000000 0.000000 1.000000
0.975438 -0.061754 0.211442 0.000000 0.104323 0.974932 -0.196529 11.066900 -0.194005 0.213760 0.957428 0.000000 0.000000 0.000000 0.000000 1.000000
0.975843 -0.058548 0.210482 0.000000 0.100808 0.975398 -0.196052 11.066900 -0.193825 0.212534 0.957737 0.000000 0.000000 0.000000 0.000000 1.000000
0.976061 -0.058540 0.209470 0.000000 0.100557 0.975443 -0.195958 11.066900 -0.192855 0.212331 0.957978 0.000000 0.000000 0.000000 0.000000 1.000000
0.976291 -0.059109 0.208233 0.000000 0.100635 0.975652 -0.194872 11.066900 -0.191645 0.211207 0.958470 0.000000 0.000000 0.000000 0.000000 1.000000
0.976608 -0.060379 0.206376 -0.000000 0.101012 0.976097 -0.192435 11.066900 -0.189824 0.208780 0.959363 0.000000 0.000000 0.000000 0.000000 1.000000
0.976490 -0.061415 0.206631 -0.000000 0.100877 0.977311 -0.186244 11.066900 -0.190504 0.202710 0.960529 -0.000000 0.000000 0.000000 0.000000 1.000000
0.976625 -0.061361 0.206004 0.000000 0.098877 0.979216 -0.177087 11.066900 -0.190856 0.193317 0.962394 0.000000 0.000000 0.000000 0.000000 1.000000
0.976913 -0.058164 0.205569 -0.000000 0.093217 0.981848 -0.165185 11.066900 -0.192230 0.180534 0.964601 -0.000000 0.000000 0.000000 0.000000 1.000000
0.977439 -0.052486 0.204595 0.000000 0.084796 0.984658 -0.152508 11.066900 -0.193451 0.166416 0.966893 0.000000 0.000000 0.000000 0.000000 1.000000
0.977843 -0.046531 0.204105 -0.000000 0.076148 0.987255 -0.139749 11.066900 -0.195001 0.152195 0.968923 -0.000000 0.000000 0.000000 0.000000 1.000000
0.978167 -0.039239 0.204081 0.000000 0.066374 0.989568 -0.127863 11.066900 -0.196935 0.138617 0.970568 0.000000 0.000000 0.000000 0.000000 1.000000
0.978513 -0.029840 0.204015 0.000000 0.054923 0.991444 -0.118413 11.066900 -0.198736 0.127073 0.971780 0.000000 0.000000 0.000000 0.000000 1.000000
0.978878 -0.020368 0.203430 0.000000 0.043862 0.992778 -0.111658 11.066900 -0.199686 0.118222 0.972702 0.000000 0.000000 0.000000 0.000000 1.000000
0.979216 -0.014706 0.202288 -0.000000 0.037487 0.993307 -0.109253 11.066900 -0.199327 0.114565 0.973213 0.000000 0.000000 0.000000 0.000000 1.000000
0.979587 -0.011746 0.200677 0.000000 0.034542 0.993279 -0.110475 11.066900 -0.198031 0.115151 0.973408 0.000000 0.000000 0.000000 0.000000 1.000000
0.979780 -0.012242 0.199703 0.000000 0.035881 0.992696 -0.115184 11.066900 -0.196835 0.120020 0.973063 0.000000 0.000000 0.000000 0.000000 1.000000
0.979944 -0.014775 0.198726 0.000000 0.039800 0.991666 -0.122531 11.066900 -0.195259 0.127983 0.972365 -0.000000 0.000000 0.000000 0.000000 1.000000
0.979579 -0.023626 0.199665 0.000000 0.050223 0.990344 -0.129217 11.066900 -0.194684 0.136606 0.971307 0.000000 0.000000 0.000000 0.000000 1.000000
0.979064 -0.035252 0.200476 0.000000 0.063695 0.988486 -0.137250 11.066900 -0.193329 0.147146 0.970037 0.000000 0.000000 0.000000 0.000000 1.000000
0.978328 -0.048936 0.201197 0.000000 0.079564 0.985919 -0.147081 11.066900 -0.191166 0.159902 0.968446 0.000000 0.000000 0.000000 0.000000 1.000000
0.977337 -0.062279 0.202319 -0.000000 0.095466 0.982707 -0.158660 11.066900 -0.188939 0.174379 0.966382 0.000000 0.000000 0.000000 0.000000 1.000000
0.976206 -0.073826 0.203892 -0.000000 0.109773 0.979128 -0.171052 11.066900 -0.187008 0.189364 0.963934 0.000000 0.000000 0.000000 0.000000 1.000000
0.975277 -0.082509 0.205003 0.000000 0.121026 0.975616 -0.183102 11.066900 -0.184897 0.203386 0.961482 0.000000 0.000000 0.000000 0.000000 1.000000
0.975119 -0.083969 0.205162 0.000000 0.124081 0.973669 -0.191241 11.066900 -0.183702 0.211939 0.959862 0.000000 0.000000 0.000000 0.000000 1.000000</float_array>
        <technique_common>
          <accessor source="#mixamorig_Spine1-Matrix-animation-output-transform-array" count="31" stride="16">
            <param type="float4x4"/>
          </accessor>
        </technique_common>
      </source>
      <source id="mixamorig_Spine1-Interpolations">
        <Name_array id="mixamorig_Spine1-Interpolations-array" count="31">
 LINEAR LINEAR LINEAR LINEAR LINEAR LINEAR LINEAR LINEAR LINEAR LINEAR LINEAR
LINEAR LINEAR LINEAR LINEAR LINEAR LINEAR LINEAR LINEAR LINEAR LINEAR LINEAR LINEAR
LINEAR LINEAR LINEAR LINEAR LINEAR LINEAR LINEAR LINEAR</Name_array>
        <technique_common>
          <accessor source="#mixamorig_Spine1-Interpolations-array" count="31">
            <param type="name"/>
          </accessor>
        </technique_common>
      </source>
      <sampler id="mixamorig_Spine1-Matrix-animation-transform">
        <input semantic="INPUT" source="#mixamorig_Spine1-Matrix-animation-input"/>
        <input semantic="OUTPUT" source="#mixamorig_Spine1-Matrix-animation-output-transform"/>
        <input semantic="INTERPOLATION" source="#mixamorig_Spine1-Interpolations"/>
      </sampler>
      <channel source="#mixamorig_Spine1-Matrix-animation-transform" target="mixamorig_Spine1/matrix"/>
    </animation>
    <animation id="mixamorig_Spine2-anim" name="mixamorig_Spine2">
      <source id="mixamorig_Spine2-Matrix-animation-input">
        <float_array id="mixamorig_Spine2-Matrix-animation-input-array" count="31">

0.000000 0.033333 0.066667 0.100000 0.133333 0.166667 0.200000 0.233333 0.266667 0.300000 0.333333 0.366667 0.400000 0.433333 0.466667 0.500000
0.533333 0.566667 0.600000 0.633333 0.666667 0.700000 0.733333 0.766667 0.800000 0.833333 0.866667 0.900000 0.933333 0.966667 1.000000</float_array>
        <technique_common>
          <accessor source="#mixamorig_Spine2-Matrix-animation-input-array" count="31">
            <param name="TIME" type="float"/>
          </accessor>
        </technique_common>
      </source>
      <source id="mixamorig_Spine2-Matrix-animation-output-transform">
        <float_array id="mixamorig_Spine2-Matrix-animation-output-transform-array" count="496">

0.965197 -0.070475 0.251848 0.000000 0.158085 0.924375 -0.347188 8.141900 -0.208335 0.374918 0.903345 0.000000 0.000000 0.000000 0.000000 1.000000
0.964695 -0.071239 0.253550 -0.000000 0.160180 0.922899 -0.350143 8.141900 -0.209058 0.378395 0.901727 -0.000000 0.000000 0.000000 0.000000 1.000000
0.964781 -0.069320 0.253755 0.000000 0.159016 0.922136 -0.352675 8.141900 -0.209549 0.380605 0.900682 -0.000000 0.000000 0.000000 0.000000 1.000000
0.965030 -0.066511 0.253562 0.000000 0.156665 0.921861 -0.354441 8.141900 -0.210174 0.381770 0.900043 0.000000 0.000000 0.000000 0.000000 1.000000
0.965373 -0.062061 0.253382 0.000000 0.152446 0.922396 -0.354888 8.141900 -0.211694 0.381227 0.899918 -0.000000 0.000000 0.000000 0.000000 1.000000
0.965663 -0.058024 0.253235 0.000000 0.148540 0.923016 -0.354934 8.141900 -0.213145 0.380362 0.899941 -0.000000 0.000000 0.000000 0.000000 1.000000
0.966056 -0.053684 0.252695 -0.000000 0.144123 0.923795 -0.354728 8.141900 -0.214395 0.379106 0.900174 0.000000 0.000000 0.000000 0.000000 1.000000
0.966603 -0.049685 0.251414 -0.000000 0.139840 0.924363 -0.354961 8.141900 -0.214762 0.378265 0.900441 0.000000 0.000000 0.000000 0.000000 1.000000
0.967256 -0.046717 0.249465 0.000000 0.136331 0.924707 -0.355430 8.141900 -0.214077 0.377802 0.900798 0.000000 0.000000 0.000000 0.000000 1.000000
0.967539 -0.046776 0.248357 0.000000 0.135973 0.924711 -0.355557 8.141900 -0.213027 0.377785 0.901054 0.000000 0.000000 0.000000 0.000000 1.000000
0.967811 -0.047252 0.247203 -0.000000 0.135745 0.925104 -0.354620 8.141900 -0.211932 0.376762 0.901740 0.000000 0.000000 0.000000 0.000000 1.000000
0.968204 -0.048147 0.245484 -0.000000 0.135410 0.925982 -0.352451 8.141900 -0.210344 0.374485 0.903059 -0.000000 0.000000 0.000000 0.000000 1.000000
0.968191 -0.047732 0.245617 0.000000 0.133751 0.928347 -0.346818 8.141900 -0.211464 0.368638 0.905201 -0.000000 0.000000 0.000000 0.000000 1.000000
0.968601 -0.045773 0.244370 0.000000 0.129541 0.931858 -0.338909 8.141900 -0.212205 0.359924 0.908528 -0.000000 0.000000 0.000000 0.000000 1.000000
0.969385 -0.040238 0.242225 0.000000 0.121149 0.936428 -0.329281 8.141900 -0.213576 0.348546 0.912634 0.000000 0.000000 0.000000 0.000000 1.000000
0.970537 -0.032223 0.238786 -0.000000 0.109873 0.941171 -0.319570 8.141900 -0.214441 0.336391 0.916982 -0.000000 0.000000 0.000000 0.000000 1.000000
0.971498 -0.023864 0.235842 0.000000 0.098421 0.945717 -0.309730 8.141900 -0.215649 0.324114 0.921111 0.000000 0.000000 0.000000 0.000000 1.000000
0.972359 -0.014248 0.233055 0.000000 0.086039 0.949763 -0.300910 8.141900 -0.217060 0.312644 0.924737 -0.000000 0.000000 0.000000 0.000000 1.000000
0.973251 -0.003203 0.229721 -0.000000 0.072678 0.952845 -0.294625 8.141900 -0.217945 0.303440 0.927590 0.000000 0.000000 0.000000 0.000000 1.000000
0.974111 0.007250 0.225954 0.000000 0.060332 0.954900 -0.290732 8.141900 -0.217872 0.296838 0.929742 -0.000000 0.000000 0.000000 0.000000 1.000000
0.974740 0.012936 0.222967 -0.000000 0.053607 0.955587 -0.289794 8.141900 -0.216813 0.294427 0.930755 0.000000 0.000000 0.000000 0.000000 1.000000
0.975272 0.015124 0.220491 0.000000 0.051085 0.955213 -0.291477 8.141900 -0.215024 0.295533 0.930820 0.000000 0.000000 0.000000 0.000000 1.000000
0.975440 0.013375 0.219859 -0.000000 0.053525 0.953842 -0.295499 8.141900 -0.213663 0.300010 0.929700 0.000000 0.000000 0.000000 0.000000 1.000000
0.975461 0.009131 0.219982 0.000000 0.059071 0.951654 -0.301440 8.141900 -0.212099 0.307037 0.927762 -0.000000 0.000000 0.000000 0.000000 1.000000
0.974574 -0.000554 0.224067 0.000000 0.070749 0.949601 -0.305371 8.141900 -0.212605 0.313459 0.925496 0.000000 0.000000 0.000000 0.000000 1.000000
0.973347 -0.013161 0.228960 0.000000 0.085691 0.946914 -0.309858 8.141900 -0.212727 0.321219 0.922803 0.000000 0.000000 0.000000 0.000000 1.000000
0.971716 -0.028076 0.234479 0.000000 0.103369 0.943303 -0.315428 8.141900 -0.212329 0.330744 0.919524 0.000000 0.000000 0.000000 0.000000 1.000000
0.969731 -0.042941 0.240369 0.000000 0.121506 0.938741 -0.322493 8.141900 -0.211796 0.341938 0.915544 0.000000 0.000000 0.000000 0.000000 1.000000
0.967593 -0.056141 0.246193 0.000000 0.138279 0.933594 -0.330576 8.141900 -0.211286 0.353907 0.911103 0.000000 0.000000 0.000000 0.000000 1.000000
0.965775 -0.066605 0.250682 0.000000 0.152019 0.928427 -0.338990 8.141900 -0.210162 0.365496 0.906777 0.000000 0.000000 0.000000 0.000000 1.000000
0.965263 -0.069645 0.251829 0.000000 0.156940 0.925127 -0.345702 8.141900 -0.208897 0.373215 0.903921 0.000000 0.000000 0.000000 0.000000 1.000000</float_array>
        <technique_common>
          <accessor source="#mixamorig_Spine2-Matrix-animation-output-transform-array" count="31" stride="16">
            <param type="float4x4"/>
          </accessor>
        </technique_common>
      </source>
      <source id="mixamorig_Spine2-Interpolations">
        <Name_array id="mixamorig_Spine2-Interpolations-array" count="31">
 LINEAR LINEAR LINEAR LINEAR LINEAR LINEAR LINEAR LINEAR LINEAR LINEAR LINEAR
LINEAR LINEAR LINEAR LINEAR LINEAR LINEAR LINEAR LINEAR LINEAR LINEAR LINEAR LINEAR
LINEAR LINEAR LINEAR LINEAR LINEAR LINEAR LINEAR LINEAR</Name_array>
        <technique_common>
          <accessor source="#mixamorig_Spine2-Interpolations-array" count="31">
            <param type="name"/>
          </accessor>
        </technique_common>
      </source>
      <sampler id="mixamorig_Spine2-Matrix-animation-transform">
        <input semantic="INPUT" source="#mixamorig_Spine2-Matrix-animation-input"/>
        <input semantic="OUTPUT" source="#mixamorig_Spine2-Matrix-animation-output-transform"/>
        <input semantic="INTERPOLATION" source="#mixamorig_Spine2-Interpolations"/>
      </sampler>
      <channel source="#mixamorig_Spine2-Matrix-animation-transform" target="mixamorig_Spine2/matrix"/>
    </animation>
    <animation id="mixamorig_Neck-anim" name="mixamorig_Neck">
      <source id="mixamorig_Neck-Matrix-animation-input">
        <float_array id="mixamorig_Neck-Matrix-animation-input-array" count="31">

0.000000 0.033333 0.066667 0.100000 0.133333 0.166667 0.200000 0.233333 0.266667 0.300000 0.333333 0.366667 0.400000 0.433333 0.466667 0.500000
0.533333 0.566667 0.600000 0.633333 0.666667 0.700000 0.733333 0.766667 0.800000 0.833333 0.866667 0.900000 0.933333 0.966667 1.000000</float_array>
        <technique_common>
          <accessor source="#mixamorig_Neck-Matrix-animation-input-array" count="31">
            <param name="TIME" type="float"/>
          </accessor>
        </technique_common>
      </source>
      <source id="mixamorig_Neck-Matrix-animation-output-transform">
        <float_array id="mixamorig_Neck-Matrix-animation-output-transform-array" count="496">

0.992825 -0.089446 -0.079364 -0.112200 0.097932 0.989050 0.110408 18.919500 0.068620 -0.117388 0.990713 -3.736100 0.000000 0.000000 0.000000 1.000000
0.993113 -0.089702 -0.075366 -0.112200 0.097553 0.989362 0.107917 18.919500 0.064883 -0.114526 0.991299 -3.736100 0.000000 0.000000 0.000000 1.000000
0.993373 -0.089978 -0.071515 -0.112200 0.097227 0.989671 0.105349 18.919500 0.061297 -0.111604 0.991860 -3.736100 0.000000 0.000000 0.000000 1.000000
0.993604 -0.090257 -0.067865 -0.112200 0.096949 0.989963 0.102829 18.919500 0.057903 -0.108751 0.992381 -3.736100 0.000000 0.000000 0.000000 1.000000
0.993804 -0.090536 -0.064478 -0.112200 0.096723 0.990238 0.100368 18.919500 0.054762 -0.105982 0.992859 -3.736100 0.000000 0.000000 0.000000 1.000000
0.993971 -0.090803 -0.061445 -0.112200 0.096541 0.990498 0.097950 18.919500 0.051967 -0.103291 0.993293 -3.736100 0.000000 0.000000 0.000000 1.000000
0.994103 -0.091066 -0.058875 -0.112200 0.096404 0.990771 0.095285 18.919500 0.049654 -0.100398 0.993708 -3.736100 0.000000 0.000000 0.000000 1.000000
0.994177 -0.091313 -0.057212 -0.112200 0.096363 0.991010 0.092804 18.919500 0.048224 -0.097777 0.994039 -3.736100 0.000000 0.000000 0.000000 1.000000
0.994097 -0.091250 -0.058686 -0.112200 0.096352 0.991181 0.090970 18.919500 0.049867 -0.096087 0.994123 -3.736100 0.000000 0.000000 0.000000 1.000000
0.993952 -0.091023 -0.061430 -0.112200 0.096373 0.991211 0.090629 18.919500 0.052641 -0.096001 0.993988 -3.736100 0.000000 0.000000 0.000000 1.000000
0.993773 -0.090696 -0.064730 -0.112200 0.096447 0.991071 0.092071 18.919500 0.055801 -0.097741 0.993646 -3.736100 0.000000 0.000000 0.000000 1.000000
0.993548 -0.090365 -0.068525 -0.112200 0.096664 0.990775 0.094980 18.919500 0.059310 -0.100991 0.993118 -3.736100 0.000000 0.000000 0.000000 1.000000
0.993283 -0.089971 -0.072760 -0.112200 0.096986 0.990306 0.099441 18.919500 0.063108 -0.105830 0.992380 -3.736100 0.000000 0.000000 0.000000 1.000000
0.992968 -0.089609 -0.077359 -0.112200 0.097450 0.989752 0.104377 18.919500 0.067213 -0.111182 0.991525 -3.736100 0.000000 0.000000 0.000000 1.000000
0.992605 -0.089289 -0.082241 -0.112200 0.097987 0.989241 0.108632 18.919500 0.071656 -0.115887 0.990674 -3.736100 0.000000 0.000000 0.000000 1.000000
0.992197 -0.088993 -0.087323 -0.112200 0.098473 0.988925 0.111044 18.919500 0.076474 -0.118776 0.989972 -3.736100 0.000000 0.000000 0.000000 1.000000
0.991771 -0.088718 -0.092297 -0.112200 0.098802 0.988882 0.111134 18.919500 0.081411 -0.119338 0.989510 -3.736100 0.000000 0.000000 0.000000 1.000000
0.991341 -0.088452 -0.097048 -0.112200 0.099008 0.988992 0.109966 18.919500 0.086253 -0.118623 0.989186 -3.736100 0.000000 0.000000 0.000000 1.000000
0.990916 -0.088147 -0.101567 -0.112200 0.099048 0.989225 0.107812 18.919500 0.090970 -0.116892 0.988970 -3.736100 0.000000 0.000000 0.000000 1.000000
0.990509 -0.087889 -0.105672 -0.112200 0.098995 0.989543 0.104906 18.919500 0.095347 -0.114371 0.988852 -3.736100 0.000000 0.000000 0.000000 1.000000
0.990154 -0.087603 -0.109183 -0.112200 0.098773 0.989922 0.101485 18.919500 0.099192 -0.111270 0.988828 -3.736100 0.000000 0.000000 0.000000 1.000000
0.989863 -0.087344 -0.111993 -0.112200 0.098447 0.990328 0.097772 18.919500 0.102370 -0.107806 0.988887 -3.736100 0.000000 0.000000 0.000000 1.000000
0.989655 -0.087110 -0.113994 -0.112200 0.098030 0.990736 0.093976 18.919500 0.104751 -0.104178 0.989027 -3.736100 0.000000 0.000000 0.000000 1.000000
0.989563 -0.086960 -0.114906 -0.112200 0.097586 0.991119 0.090332 18.919500 0.106031 -0.100603 0.989261 -3.736100 0.000000 0.000000 0.000000 1.000000
0.989900 -0.087107 -0.111851 -0.112200 0.097109 0.991436 0.087323 18.919500 0.103286 -0.097303 0.989881 -3.736100 0.000000 0.000000 0.000000 1.000000
0.990368 -0.087426 -0.107371 -0.112200 0.096809 0.991621 0.085529 18.919500 0.098994 -0.095099 0.990533 -3.736100 0.000000 0.000000 0.000000 1.000000
0.990895 -0.087851 -0.102025 -0.112200 0.096813 0.991538 0.086487 18.919500 0.093564 -0.095577 0.991015 -3.736100 0.000000 0.000000 0.000000 1.000000
0.991434 -0.088334 -0.096203 -0.112200 0.097103 0.991139 0.090636 18.919500 0.087344 -0.099201 0.991227 -3.736100 0.000000 0.000000 0.000000 1.000000
0.991954 -0.088800 -0.090237 -0.112200 0.097479 0.990516 0.096826 18.919500 0.080783 -0.104843 0.991202 -3.736100 0.000000 0.000000 0.000000 1.000000
0.992427 -0.089161 -0.084487 -0.112200 0.097762 0.989778 0.103833 18.919500 0.074366 -0.111307 0.991000 -3.736100 0.000000 0.000000 0.000000 1.000000
0.992829 -0.089400 -0.079358 -0.112200 0.097886 0.989053 0.110420 18.919500 0.068618 -0.117396 0.990712 -3.736100 0.000000 0.000000 0.000000 1.000000</float_array>
        <technique_common>
          <accessor source="#mixamorig_Neck-Matrix-animation-output-transform-array" count="31" stride="16">
            <param type="float4x4"/>
          </accessor>
        </technique_common>
      </source>
      <source id="mixamorig_Neck-Interpolations">
        <Name_array id="mixamorig_Neck-Interpolations-array" count="31">
 LINEAR LINEAR LINEAR LINEAR LINEAR LINEAR LINEAR LINEAR LINEAR LINEAR LINEAR
LINEAR LINEAR LINEAR LINEAR LINEAR LINEAR LINEAR LINEAR LINEAR LINEAR LINEAR LINEAR
LINEAR LINEAR LINEAR LINEAR LINEAR LINEAR LINEAR LINEAR</Name_array>
        <technique_common>
          <accessor source="#mixamorig_Neck-Interpolations-array" count="31">
            <param type="name"/>
          </accessor>
        </technique_common>
      </source>
      <sampler id="mixamorig_Neck-Matrix-animation-transform">
        <input semantic="INPUT" source="#mixamorig_Neck-Matrix-animation-input"/>
        <input semantic="OUTPUT" source="#mixamorig_Neck-Matrix-animation-output-transform"/>
        <input semantic="INTERPOLATION" source="#mixamorig_Neck-Interpolations"/>
      </sampler>
      <channel source="#mixamorig_Neck-Matrix-animation-transform" target="mixamorig_Neck/matrix"/>
    </animation>
    <animation id="mixamorig_Head-anim" name="mixamorig_Head">
      <source id="mixamorig_Head-Matrix-animation-input">
        <float_array id="mixamorig_Head-Matrix-animation-input-array" count="31">

0.000000 0.033333 0.066667 0.100000 0.133333 0.166667 0.200000 0.233333 0.266667 0.300000 0.333333 0.366667 0.400000 0.433333 0.466667 0.500000
0.533333 0.566667 0.600000 0.633333 0.666667 0.700000 0.733333 0.766667 0.800000 0.833333 0.866667 0.900000 0.933333 0.966667 1.000000</float_array>
        <technique_common>
          <accessor source="#mixamorig_Head-Matrix-animation-input-array" count="31">
            <param name="TIME" type="float"/>
          </accessor>
        </technique_common>
      </source>
      <source id="mixamorig_Head-Matrix-animation-output-transform">
        <float_array id="mixamorig_Head-Matrix-animation-output-transform-array" count="496">

0.977754 0.085053 0.191737 0.000000 -0.114197 0.982602 0.146468 8.673000 -0.175943 -0.165105 0.970456 3.319300 0.000000 0.000000 0.000000 1.000000
0.976166 0.087033 0.198808 0.000000 -0.115368 0.984011 0.135692 8.673000 -0.183819 -0.155394 0.970599 3.319300 0.000000 0.000000 0.000000 1.000000
0.975650 0.085384 0.202033 -0.000000 -0.113324 0.984880 0.131028 8.673000 -0.187790 -0.150732 0.970574 3.319300 0.000000 0.000000 0.000000 1.000000
0.975770 0.081153 0.203192 0.000000 -0.109191 0.985376 0.130809 8.673000 -0.189605 -0.149827 0.970362 3.319300 0.000000 0.000000 0.000000 1.000000
0.976016 0.075853 0.204055 0.000000 -0.104429 0.985582 0.133126 8.673000 -0.191015 -0.151243 0.969865 3.319300 0.000000 0.000000 0.000000 1.000000
0.976220 0.071319 0.204712 0.000000 -0.100660 0.985486 0.136691 8.673000 -0.191993 -0.154047 0.969231 3.319300 0.000000 0.000000 0.000000 1.000000
0.976413 0.069818 0.204311 0.000000 -0.099713 0.985134 0.139890 8.673000 -0.191507 -0.156963 0.968859 3.319300 0.000000 0.000000 0.000000 1.000000
0.976514 0.073188 0.202640 -0.000000 -0.103378 0.984360 0.142651 8.673000 -0.189031 -0.160249 0.968807 3.319300 0.000000 0.000000 0.000000 1.000000
0.976539 0.080375 0.199779 0.000000 -0.110595 0.983228 0.145026 8.673000 -0.184772 -0.163718 0.969049 3.319300 0.000000 0.000000 0.000000 1.000000
0.976366 0.089537 0.196702 0.000000 -0.120087 0.981470 0.149315 8.673000 -0.179688 -0.169407 0.969027 3.319300 0.000000 0.000000 0.000000 1.000000
0.976144 0.098651 0.193417 0.000000 -0.129794 0.979258 0.155586 8.673000 -0.174056 -0.176978 0.968702 3.319300 0.000000 0.000000 0.000000 1.000000
0.976200 0.105680 0.189382 -0.000000 -0.137154 0.977272 0.161641 8.673000 -0.167996 -0.183768 0.968507 3.319300 0.000000 0.000000 0.000000 1.000000
0.976991 0.108168 0.183817 -0.000000 -0.139556 0.975955 0.167441 8.673000 -0.161286 -0.189241 0.968594 3.319300 0.000000 0.000000 0.000000 1.000000
0.978825 0.106118 0.175047 0.000000 -0.136713 0.975355 0.173183 8.673000 -0.152355 -0.193447 0.969209 3.319300 0.000000 0.000000 0.000000 1.000000
0.981327 0.100265 0.164149 0.000000 -0.129453 0.975465 0.178075 8.673000 -0.142267 -0.195999 0.970229 3.319300 0.000000 0.000000 0.000000 1.000000
0.984243 0.090829 0.151707 0.000000 -0.118050 0.976307 0.181355 8.673000 -0.131641 -0.196407 0.971646 3.319300 0.000000 0.000000 0.000000 1.000000
0.987202 0.078920 0.138577 0.000000 -0.104055 0.977267 0.184719 8.673000 -0.120849 -0.196775 0.972972 3.319300 0.000000 0.000000 0.000000 1.000000
0.989894 0.065994 0.125514 0.000000 -0.088886 0.978411 0.186579 8.673000 -0.110491 -0.195850 0.974389 3.319300 0.000000 0.000000 0.000000 1.000000
0.992169 0.053796 0.112723 -0.000000 -0.074323 0.979607 0.186671 8.673000 -0.100382 -0.193587 0.975934 3.319300 0.000000 0.000000 0.000000 1.000000
0.993915 0.043331 0.101273 -0.000000 -0.061609 0.980806 0.184997 8.673000 -0.091314 -0.190111 0.977507 3.319300 0.000000 0.000000 0.000000 1.000000
0.995122 0.035621 0.091991 0.000000 -0.051933 0.982013 0.181530 8.673000 -0.083870 -0.185422 0.979073 3.319300 0.000000 0.000000 0.000000 1.000000
0.995840 0.031728 0.085417 -0.000000 -0.046494 0.983137 0.176860 8.673000 -0.078365 -0.180095 0.980523 3.319300 0.000000 0.000000 0.000000 1.000000
0.996176 0.032510 0.081093 -0.000000 -0.046132 0.983978 0.172218 8.673000 -0.074195 -0.175300 0.981715 3.319300 0.000000 0.000000 0.000000 1.000000
0.996146 0.037403 0.079333 0.000000 -0.050329 0.984538 0.167784 8.673000 -0.071831 -0.171130 0.982627 3.319300 0.000000 0.000000 0.000000 1.000000
0.995386 0.044048 0.085248 0.000000 -0.058037 0.983853 0.169305 8.673000 -0.076414 -0.173471 0.981870 3.319300 0.000000 0.000000 0.000000 1.000000
0.994026 0.052487 0.095699 0.000000 -0.068462 0.982689 0.172149 8.673000 -0.085007 -0.177672 0.980411 3.319300 0.000000 0.000000 0.000000 1.000000
0.991842 0.061547 0.111629 -0.000000 -0.080377 0.981650 0.172926 8.673000 -0.098938 -0.180488 0.978589 3.319300 0.000000 0.000000 0.000000 1.000000
0.988838 0.070224 0.131407 0.000000 -0.092296 0.981070 0.170244 8.673000 -0.116964 -0.180472 0.976601 3.319300 0.000000 0.000000 0.000000 1.000000
0.984955 0.077231 0.154596 -0.000000 -0.102184 0.981716 0.160597 8.673000 -0.139366 -0.173978 0.974838 3.319300 0.000000 0.000000 0.000000 1.000000
0.980831 0.082401 0.176582 0.000000 -0.109532 0.982621 0.149863 8.673000 -0.161164 -0.166331 0.972810 3.319300 0.000000 0.000000 0.000000 1.000000
0.977753 0.085086 0.191729 0.000000 -0.114231 0.982596 0.146480 8.673000 -0.175929 -0.165123 0.970455 3.319300 0.000000 0.000000 0.000000 1.000000</float_array>
        <technique_common>
          <accessor source="#mixamorig_Head-Matrix-animation-output-transform-array" count="31" stride="16">
            <param type="float4x4"/>
          </accessor>
